fin 0
fin 0
fin 0
fin 0
fin 30
1
fin 0
fin 0
fin 255
0
1
2
0
fin 40
fin 10
fin 40
fin 0
fin -40
fin 0
fin 1
fin 0.2
fin 64
fin 255
fin 255
fin 0
4
3
1
0
fin 30
fin 30
fin 30
fin 0
fin 0
fin 0
fin 1
fin 1
fin 255
fin 255
fin 255
fin 255
-1
0
-1
1
-1
-1
99
0
1
-1
-1
10000000
20000000
30000000
40000000
50000000
60000000
70000000
80000000
32
86270978
32
86271015
45
86483039
45
86483076
12
86483113
53
86695310
53
86695347
60
86907506
60
86907543
65
87120197
65
87120234
68
87333096
68
87333133
70
87545850
70
87545887
69
87758542
69
87758579
19
87758616
65
87970887
65
87970924
90000000
28
95042819
28
95042856
3
95042893
43
95255106
43
95255143
12
95255180
54
95467260
54
95467297
16
95467334
64
95679501
64
95679538
6
95679575
72
95680246
72
95680283
79
95680991
79
95681028
84
95681736
84
95681773
4
95681810
90
95682481
90
95682518
94
95683226
94
95683263
98
95683971
98
95684008
100
95684716
100
95684753
5
95684790
102
95685461
102
95685498
104
95686206
104
95686243
104
95899062
104
95899099
9
95899136
103
96111695
103
96111732
31
96111769
100
96324414
100
96324451
29
96324488
93
96537357
93
96537394
7
96537431
100000000
16
105318109
16
105318146
35
105530453
35
105530490
48
105742609
48
105742646
59
105743354
59
105743391
11
105743428
69
105744099
69
105744136
32
105744173
77
105744844
77
105744881
26
105744918
85
105745589
85
105745626
91
105746334
91
105746371
30
105746408
97
105747079
97
105747116
10
105747153
103
105747824
103
105747861
108
105748569
108
105748606
30
105748643
112
105749314
112
105749351
115
105750059
115
105750096
32
105750133
118
105750804
118
105750841
121
105751549
121
105751586
12
105751623
123
105752294
123
105752331
41
105752368
124
105753039
124
105753076
125
105753784
125
105753821
41
105753858
125
105754529
125
105754566
58
105754603
123
105755274
123
105755311
23
105755348
120
105967467
120
105967504
115
106179837
115
106179874
106
106392525
106
106392562
110000000
13
114802541
13
114802578
32
115014713
32
115014750
47
115015458
47
115015495
58
115016203
58
115016240
69
115016948
69
115016985
78
115017693
78
115017730
32
115017767
86
115018438
86
115018475
15
115018512
93
115019183
93
115019220
19
115019257
100
115019928
100
115019965
43
115020002
106
115020673
106
115020710
112
115021418
112
115021455
54
115021492
117
115022163
117
115022200
121
115022908
121
115022945
60
115022982
125
115023653
125
115023690
129
115024398
129
115024435
63
115024472
132
115025143
132
115025180
135
115025888
135
115025925
66
115025962
137
115026633
137
115026670
139
115027378
139
115027415
60
115027452
140
115028123
140
115028160
29
115028197
141
115028868
141
115028905
24
115028942
141
115029613
141
115029650
58
115029687
140
115030358
140
115030395
138
115031103
138
115031140
134
115031848
134
115031885
129
115244104
129
115244141
119
115456625
119
115456662
120000000
3
123662483
3
123662520
1
123662557
25
123875160
25
123875197
9
123875234
41
123875905
41
123875942
7
123875979
54
123876650
54
123876687
65
123877395
65
123877432
75
123878140
75
123878177
84
123878885
84
123878922
92
123879630
92
123879667
99
123880375
99
123880412
15
123880449
106
123881120
106
123881157
112
123881865
112
123881902
28
123881939
118
123882610
118
123882647
123
123883355
123
123883392
40
123883429
128
123884100
128
123884137
132
123884845
132
123884882
49
123884919
136
123885590
136
123885627
140
123886335
140
123886372
52
123886409
143
123887080
143
123887117
146
123887825
146
123887862
48
123887899
149
123888570
149
123888607
151
123889315
151
123889352
37
123889389
152
123890060
152
123890097
153
123890805
153
123890842
23
123890879
154
123891550
154
123891587
154
123892295
154
123892332
153
123893040
153
123893077
151
123893785
151
123893822
149
123894530
149
123894567
144
123895275
144
123895312
23
123895349
137
124107564
137
124107601
51
124107638
125
124319835
125
124319872
24
124319909
130000000
12
133538856
12
133538893
1
133538930
31
133539601
31
133539638
2
133539675
45
133540346
45
133540383
15
133540420
58
133541091
58
133541128
27
133541165
69
133541836
69
133541873
78
133542581
78
133542618
7
133542655
87
133543326
87
133543363
7
133543400
95
133544071
95
133544108
103
133544816
103
133544853
110
133545561
110
133545598
116
133546306
116
133546343
122
133547051
122
133547088
128
133547796
128
133547833
133
133548541
133
133548578
137
133549286
137
133549323
142
133550031
142
133550068
146
133550776
146
133550813
149
133551521
149
133551558
153
133552266
153
133552303
156
133553011
156
133553048
158
133553756
158
133553793
161
133554501
161
133554538
162
133555246
162
133555283
164
133555991
164
133556028
165
133556736
165
133556773
165
133557481
165
133557518
165
133558226
165
133558263
14
133558300
164
133558971
164
133559008
13
133559045
163
133559716
163
133559753
160
133560461
160
133560498
74
133560535
156
133561206
156
133561243
49
133561280
150
133561951
150
133561988
5
133562025
141
133774317
141
133774354
11
133774391
121
133986664
121
133986701
140000000
16
145984529
16
145984566
34
145985274
34
145985311
48
145986019
48
145986056
3
145986093
60
145986764
60
145986801
19
145986838
71
145987509
71
145987546
81
145988254
81
145988291
36
145988328
90
145988999
90
145989036
6
145989073
98
145989744
98
145989781
41
145989818
105
145990489
105
145990526
5
145990563
112
145991234
112
145991271
50
145991308
119
145991979
119
145992016
125
145992724
125
145992761
55
145992798
131
145993469
131
145993506
136
145994214
136
145994251
45
145994288
141
145994959
141
145994996
21
145995033
146
145995704
146
145995741
6
145995778
150
145996449
150
145996486
52
145996523
154
145997194
154
145997231
158
145997939
158
145997976
55
145998013
161
145998684
161
145998721
5
145998758
164
145999429
164
145999466
26
145999503
167
146000174
167
146000211
55
146000248
169
146000919
169
146000956
171
146001664
171
146001701
75
146001738
173
146002409
173
146002446
174
146003154
174
146003191
77
146003228
175
146003899
175
146003936
7
146003973
175
146004644
175
146004681
75
146004718
175
146005389
175
146005426
10
146005463
174
146006134
174
146006171
76
146006208
172
146006879
172
146006916
170
146007624
170
146007661
53
146007698
166
146008369
166
146008406
8
146008443
161
146009114
161
146009151
152
146009859
152
146009896
138
146222217
138
146222254
42
146222291
150000000
17
155272369
17
155272406
34
155273114
34
155273151
49
155273859
49
155273896
3
155273933
61
155274604
61
155274641
72
155275349
72
155275386
82
155276094
82
155276131
91
155276839
91
155276876
99
155277584
99
155277621
5
155277658
107
155278329
107
155278366
114
155279074
114
155279111
16
155279148
121
155279819
121
155279856
127
155280564
127
155280601
4
155280638
133
155281309
133
155281346
38
155281383
139
155282054
139
155282091
144
155282799
144
155282836
52
155282873
149
155283544
149
155283581
3
155283618
153
155284289
153
155284326
23
155284363
157
155285034
157
155285071
57
155285108
161
155285779
161
155285816
165
155286524
165
155286561
61
155286598
168
155287269
168
155287306
23
155287343
171
155288014
171
155288051
6
155288088
174
155288759
174
155288796
64
155288833
177
155289504
177
155289541
179
155290249
179
155290286
51
155290323
180
155290994
180
155291031
5
155291068
182
155291739
182
155291776
183
155292484
183
155292521
26
155292558
183
155293229
183
155293266
184
155293974
184
155294011
9
155294048
183
155294719
183
155294756
182
155295464
182
155295501
181
155296209
181
155296246
178
155296954
178
155296991
174
155297699
174
155297736
11
155297773
169
155298444
169
155298481
161
155299189
161
155299226
148
155511291
148
155511328
51
155511365
160000000
170000000
17
177710178
17
177710215
34
177710923
34
177710960
9
177710997
48
177711668
48
177711705
23
177711742
60
177712413
60
177712450
71
177713158
71
177713195
25
177713232
82
177713903
82
177713940
15
177713977
91
177714648
91
177714685
18
177714722
99
177715393
99
177715430
4
177715467
107
177716138
107
177716175
18
177716212
115
177716883
115
177716920
122
177717628
122
177717665
17
177717702
128
177718373
128
177718410
134
177719118
134
177719155
140
177719863
140
177719900
145
177720608
145
177720645
150
177721353
150
177721390
155
177722098
155
177722135
160
177722843
160
177722880
164
177723588
164
177723625
168
177724333
168
177724370
171
177725078
171
177725115
175
177725823
175
177725860
178
177726568
178
177726605
181
177727313
181
177727350
183
177728058
183
177728095
185
177728803
185
177728840
187
177729548
187
177729585
189
177730293
189
177730330
190
177731038
190
177731075
26
177731112
191
177731783
191
177731820
191
177732528
191
177732565
32
177732602
191
177733273
191
177733310
6
177733347
191
177734018
191
177734055
35
177734092
190
177734763
190
177734800
37
177734837
188
177735508
188
177735545
64
177735582
185
177736253
185
177736290
181
177736998
181
177737035
89
177737072
176
177737743
176
177737780
43
177737817
168
177738488
168
177738525
156
177951017
156
177951054
180000000
14
187610944
14
187610981
32
187611689
32
187611726
46
187612434
46
187612471
59
187613179
59
187613216
70
187613924
70
187613961
8
187613998
81
187614669
81
187614706
90
187615414
90
187615451
28
187615488
99
187616159
99
187616196
107
187616904
107
187616941
42
187616978
114
187617649
114
187617686
1
187617723
122
187618394
122
187618431
34
187618468
128
187619139
128
187619176
48
187619213
135
187619884
135
187619921
141
187620629
141
187620666
68
187620703
146
187621374
146
187621411
21
187621448
152
187622119
152
187622156
29
187622193
157
187622864
157
187622901
76
187622938
161
187623609
161
187623646
166
187624354
166
187624391
58
187624428
170
187625099
170
187625136
73
187625173
174
187625844
174
187625881
177
187626589
177
187626626
77
187626663
181
187627334
181
187627371
62
187627408
184
187628079
184
187628116
187
187628824
187
187628861
91
187628898
189
187629569
189
187629606
35
187629643
192
187630314
192
187630351
29
187630388
194
187631059
194
187631096
93
187631133
195
187631804
195
187631841
197
187632549
197
187632586
75
187632623
198
187633294
198
187633331
55
187633368
198
187634039
198
187634076
5
187634113
198
187634784
198
187634821
77
187634858
198
187635529
198
187635566
197
187636274
197
187636311
61
187636348
196
187637019
196
187637056
194
187637764
194
187637801
23
187637838
191
187638509
191
187638546
187
187639254
187
187639291
182
187639999
182
187640036
173
187640744
173
187640781
161
187853394
161
187853431
60
187853468
190000000
