00001000000000000000000000000010
00000000000000000000000000000000
00100000000000010000000000000001
10011100001000000000000000000000
00100000000000011111111111111111
01000100100000010000100000000000
01000110000000010000000000000000
01000100000000010000000000001001
00000000000000000000000000000000
00000000001000110000000000001001
00000011011000010000000000001001
00010100011000000000000000000010
00000000000000000000000001111111
10101111011000100000000000000000
00100000011000111111111111111111
00100011011110110000000000000100
00001000000000000000000000001011
00000000001000100000000000001001
00000011011000010000000000001001
00010100010000000000000000000010
00000000000000000000000001111111
10110011011000000000000000000000
00100000010000101111111111111111
00100011011110110000000000000100
00001000000000000000000000010011
