9042386713837568
-9042386713837569
3
1
68989354000
-68989354001
8
6
124554314752
-124554314753
6
8
576575136006668288
-576575136006668289
1
3
17833643737088
-17833643737089
1
4
103550550016
-103550550017
5
8
120729370624
-120729370625
8
5
26629199888384
-26629199888385
4
1
17833643737088
-17833643737089
3
1
103550550016
-103550550017
8
6
120729370624
-120729370625
6
8
26629199888384
-26629199888385
1
3
1134800018604032
-1134800018604033
4
6
2319686041600
-2319686041601
3
5
120662794240
-120662794241
5
3
8900115955712
-8900115955713
6
4
9007440712433664
-9007440712433665
2
4
103483572224
-103483572225
5
7
120728847360
-120728847361
7
5
96860505112576
-96860505112577
4
2
9007440712433664
-9007440712433665
2
6
103483572224
-103483572225
3
7
120728847360
-120728847361
7
3
96860505112576
-96860505112577
6
2
4530091388305408
-4530091388305409
3
1
120762400768
-120762400769
8
6
103483443200
-103483443201
6
8
516335599616
-516335599617
1
3
2278360025661440
-2278360025661441
6
5
128916652032
-128916652033
4
3
69056598016
-69056598017
3
4
17731638263808
-17731638263809
5
6
8831394381824
-8831394381825
4
2
120530665472
-120530665473
7
5
4518575079424
-4518575079425
5
7
13229438795776
-13229438795777
2
4
8831394381824
-8831394381825
6
5
120530665472
-120530665473
4
3
4518575079424
-4518575079425
3
4
13229438795776
-13229438795777
5
6
8831394381824
-8831394381825
7
3
120530665472
-120530665473
6
2
4518575079424
-4518575079425
2
6
13229438795776
-13229438795777
3
7
8831392808960
-8831392808961
2
4
257967521792
-257967521793
5
7
17712714612736
-17712714612737
7
5
8831459393536
-8831459393537
4
2
8831392808960
-8831392808961
4
2
257967521792
-257967521793
7
5
17712714612736
-17712714612737
5
7
8831459393536
-8831459393537
2
4
8831392808960
-8831392808961
6
3
257967521792
-257967521793
6
3
17712714612736
-17712714612737
3
6
8831459393536
-8831459393537
3
6
8831392808960
-8831392808961
7
4
257967521792
-257967521793
5
2
17712714612736
-17712714612737
2
5
8831459393536
-8831459393537
4
7
8831392808960
-8831392808961
7
5
257967521792
-257967521793
4
2
17712714612736
-17712714612737
2
4
8831459393536
-8831459393537
5
7
13195079057408
-13195079057409
2
3
4484215341056
-4484215341057
6
7
120262230016
-120262230017
7
6
8831125946368
-8831125946369
3
2
13297621401600
-13297621401601
2
3
4518708248576
-4518708248577
6
7
103485014016
-103485014017
7
6
104020836352
-104020836353
3
2
13297621401600
-13297621401601
2
4
4518708248576
-4518708248577
5
7
103485014016
-103485014017
7
5
104020836352
-104020836353
4
2
5429778186240
-5429778186241
4
6
4467170215944
-4467170215945
3
5
120512839680
-120512839681
5
3
1157451595728814080
-1157451595728814081
6
4
9046782612865024
-9046782612865025
3
5
4467035865088
-4467035865089
4
6
120261444608
-120261444609
6
4
114383705341952
-114383705341953
5
3
9046782612865024
-9046782612865025
3
1
4467035865088
-4467035865089
8
6
120261444608
-120261444609
6
8
114383705341952
-114383705341953
1
3
9046919514947584
-9046919514947585
3
5
4467035340800
-4467035340801
4
6
103148684288
-103148684289
6
4
123179798364160
-123179798364161
5
3
9046919783383040
-9046919783383041
6
5
4466767953920
-4466767953921
4
3
85968815104
-85968815105
3
4
131941531648000
-131941531648001
5
6
13195079057408
-13195079057409
2
3
4484215341056
-4484215341057
6
7
120262230016
-120262230017
7
6
8831125946368
-8831125946369
3
2
13401237487616
-13401237487617
4
7
4484350083072
-4484350083073
2
5
120463556608
-120463556609
5
2
26492031467520
-26492031467521
7
4
4416233013248
-4416233013249
3
5
30855314538496
-30855314538497
4
6
258237005824
-258237005825
6
4
8830590648320
-8830590648321
5
3
4416233013248
-4416233013249
3
5
30855314538496
-30855314538497
4
6
258237005824
-258237005825
6
4
8830590648320
-8830590648321
5
3
13195079057408
-13195079057409
2
4
4484215341056
-4484215341057
5
7
120262230016
-120262230017
7
5
8831125946368
-8831125946369
4
2
4639504203776
-4639504203777
6
1
4501529952256
-4501529952257
8
3
120730943488
-120730943489
3
8
26491763032064
-26491763032065
1
6
4525624488099840
-4525624488099841
5
6
4432775348224
-4432775348225
3
4
34630797312
-34630797313
4
3
446947131392
-446947131393
6
5
4845125763072
-4845125763073
6
4
4501394688000
-4501394688001
5
3
103450411008
-103450411009
3
5
4521226577903616
-4521226577903617
4
6
4501528379392
-4501528379393
2
4
4501528379392
-4501528379393
5
7
103483965440
-103483965441
7
5
103483965440
-103483965441
4
2
4501528379392
-4501528379393
6
2
4501528379392
-4501528379393
7
3
103483965440
-103483965441
3
7
103483965440
-103483965441
2
6
258637561856
-258637561857
6
1
8899576463360
-8899576463361
8
3
121265717248
-121265717249
3
8
26491761983488
-26491761983489
1
6
395539644416
-395539644417
6
4
8899574892544
-8899574892545
5
3
104052293632
-104052293633
3
5
4503703110287360
-4503703110287361
4
6
4503651569631232
-4503651569631233
2
3
8899474227200
-8899474227201
6
7
103884523520
-103884523521
7
6
309641347072
-309641347073
3
2
464259121152
-464259121153
5
2
8899441199104
-8899441199105
7
4
103985184768
-103985184769
4
7
4521226576855040
-4521226576855041
2
5
464259121152
-464259121153
6
4
8899441199104
-8899441199105
5
3
103985184768
-103985184769
3
5
4521226576855040
-4521226576855041
4
6
4503806725324800
-4503806725324801
1
3
69157257216
-69157257217
6
8
120460412928
-120460412929
8
6
26766370406400
-26766370406401
3
1
8900111761408
-8900111761409
3
1
120662786048
-120662786049
8
6
120662786048
-120662786049
6
8
8900111761408
-8900111761409
1
3
8900111761408
-8900111761409
3
1
120662786048
-120662786049
8
6
120662786048
-120662786049
6
8
8900111761408
-8900111761409
1
3
8900111761408
-8900111761409
3
2
120662786048
-120662786049
7
6
120662786048
-120662786049
6
7
8900111761408
-8900111761409
2
3
4512396659916800
-4512396659916801
3
2
86202384384
-86202384385
7
6
120260134912
-120260134913
6
7
9106001756160
-9106001756161
2
3
4512396659916800
-4512396659916801
3
6
86202384384
-86202384385
3
6
120260134912
-120260134913
6
3
9106001756160
-9106001756161
6
3
4512499202260992
-4512499202260993
3
2
120695291904
-120695291905
7
6
103482918912
-103482918913
6
7
378896646144
-378896646145
2
3
1031731675136
-1031731675137
4
6
69123704840
-69123704841
3
5
120510742528
-120510742529
5
3
1157451595726716928
-1157451595726716929
6
4
4504493920092160
-4504493920092161
3
2
69156734984
-69156734985
7
6
120443635712
-120443635713
6
7
1157434278418579456
-1157434278418579457
2
3
4504562371133440
-4504562371133441
6
5
68754606088
-68754606089
4
3
86016788480
-86016788481
3
4
1157451767525408768
-1157451767525408769
5
6
4504631224827904
-4504631224827905
3
6
437782536
-437782537
3
6
51791267840
-51791267841
6
3
1157451870470406144
-1157451870470406145
6
3
121198608384
-121198608385
4
1
8899575939072
-8899575939073
8
5
121198608384
-121198608385
5
8
8899575939072
-8899575939073
1
4
4503720289107968
-4503720289107969
5
2
8899608444928
-8899608444929
7
4
104018741248
-104018741249
4
7
378360823808
-378360823809
2
5
105760214220800
-105760214220801
1
6
69123965952
-69123965953
3
8
120460804096
-120460804097
8
3
9068875119329280
-9068875119329281
6
1
105760214220800
-105760214220801
3
1
69123965952
-69123965953
8
6
120460804096
-120460804097
6
8
9068875119329280
-9068875119329281
1
3
105760214220800
-105760214220801
4
1
69123965952
-69123965953
8
5
120460804096
-120460804097
5
8
9068875119329280
-9068875119329281
1
4
4503806725324800
-4503806725324801
2
3
69157257216
-69157257217
6
7
120460412928
-120460412929
7
6
26766370406400
-26766370406401
3
2
4503806725324800
-4503806725324801
5
1
69157257216
-69157257217
8
4
120460412928
-120460412929
4
8
26766370406400
-26766370406401
1
5
4609222402637824
-4609222402637825
3
1
69156996096
-69156996097
8
6
120393697280
-120393697281
6
8
9051557811191808
-9051557811191809
1
3
4609222402637824
-4609222402637825
4
1
69156996096
-69156996097
8
5
120393697280
-120393697281
5
8
9051557811191808
-9051557811191809
1
4
4565173218050048
-4565173218050049
3
2
86269755392
-86269755393
7
6
120260921344
-120260921345
6
7
44427812798464
-44427812798465
2
3
4565173218050048
-4565173218050049
3
6
86269755392
-86269755393
3
6
120260921344
-120260921345
6
3
44427812798464
-44427812798465
6
3
4565173218050048
-4565173218050049
5
2
86269755392
-86269755393
7
4
120260921344
-120260921345
4
7
44427812798464
-44427812798465
2
5
4565173218050048
-4565173218050049
5
6
86269755392
-86269755393
3
4
120260921344
-120260921345
4
3
44427812798464
-44427812798465
6
5
4565275760394240
-4565275760394241
3
2
120762662912
-120762662913
7
6
103483705344
-103483705345
6
7
35700707688448
-35700707688449
2
3
4565275760394240
-4565275760394241
5
2
120762662912
-120762662913
7
4
103483705344
-103483705345
4
7
35700707688448
-35700707688449
2
5
4565275760394240
-4565275760394241
6
2
120762662912
-120762662913
7
3
103483705344
-103483705345
3
7
35700707688448
-35700707688449
2
6
4574037493678080
-4574037493678081
3
5
69155685376
-69155685377
4
6
103213565952
-103213565953
6
4
9007577346080768
-9007577346080769
5
3
4626882771288064
-4626882771288065
5
6
69089362944
-69089362945
3
4
103147243520
-103147243521
4
3
9060422623690752
-9060422623690753
6
5
4626882771288064
-4626882771288065
6
3
69089362944
-69089362945
6
3
103147243520
-103147243521
3
6
9060422623690752
-9060422623690753
3
6
4626951356547072
-4626951356547073
3
6
504103936
-504103937
3
6
34561984512
-34561984513
6
3
9060491208949760
-9060491208949761
6
3
4626951356547072
-4626951356547073
6
3
504103936
-504103937
6
3
34561984512
-34561984513
3
6
9060491208949760
-9060491208949761
3
6
4626951356547072
-4626951356547073
6
6
504103936
-504103937
3
3
34561984512
-34561984513
3
3
9060491208949760
-9060491208949761
6
6
4626951222329344
-4626951222329345
3
5
68955145216
-68955145217
4
6
68921722880
-68921722881
6
4
9060456983429120
-9060456983429121
5
3
4626951356547072
-4626951356547073
3
6
504103936
-504103937
3
6
34561984512
-34561984513
6
3
9060491208949760
-9060491208949761
6
3
4626951356547072
-4626951356547073
4
6
504103936
-504103937
3
5
34561984512
-34561984513
5
3
9060491208949760
-9060491208949761
6
4
4626951356547072
-4626951356547073
6
3
504103936
-504103937
6
3
34561984512
-34561984513
3
6
9060491208949760
-9060491208949761
3
6
4565275357741056
-4565275357741057
6
5
51774750720
-51774750721
4
3
404490240
-404490241
3
4
35666213732352
-35666213732353
5
6
4565275491958784
-4565275491958785
5
2
120494227456
-120494227457
7
4
69123966976
-69123966977
4
7
35666347950080
-35666347950081
2
5
4565275491958784
-4565275491958785
6
3
120494227456
-120494227457
6
3
69123966976
-69123966977
3
6
35666347950080
-35666347950081
3
6
4556584222982144
-4556584222982145
5
6
505155584
-505155585
3
4
60331657216
-60331657217
4
3
2313887860916224
-2313887860916225
6
5
4556584088764416
-4556584088764417
6
5
68956196864
-68956196865
4
3
94691395584
-94691395585
3
4
2313853635395584
-2313853635395585
5
6
4556584222982144
-4556584222982145
3
6
505155584
-505155585
3
6
60331657216
-60331657217
6
3
2313887860916224
-2313887860916225
6
3
4556445043392512
-4556445043392513
3
5
68954628096
-68954628097
4
6
2267877738496
-2267877738497
6
4
1161565449486336
-1161565449486337
5
3
4556583151337472
-4556583151337473
3
1
507248640
-507248641
8
6
4449788233728
-4449788233729
6
8
66486093742080
-66486093742081
1
3
4556583151337472
-4556583151337473
5
6
507248640
-507248641
3
4
4449788233728
-4449788233729
4
3
66486093742080
-66486093742081
6
5
4556583151337472
-4556583151337473
6
5
507248640
-507248641
4
3
4449788233728
-4449788233729
3
4
66486093742080
-66486093742081
5
6
4556583151337472
-4556583151337473
7
5
507248640
-507248641
4
2
4449788233728
-4449788233729
2
4
66486093742080
-66486093742081
5
7
4556583151337472
-4556583151337473
3
1
507248640
-507248641
8
6
4449788233728
-4449788233729
6
8
66486093742080
-66486093742081
1
3
4556583151337472
-4556583151337473
6
6
507248640
-507248641
3
3
4449788233728
-4449788233729
3
3
66486093742080
-66486093742081
6
6
4556583151337472
-4556583151337473
7
4
507248640
-507248641
5
2
4449788233728
-4449788233729
2
5
66486093742080
-66486093742081
4
7
211382049964032
-211382049964033
4
6
68988963844
-68988963845
3
5
120292835328
-120292835329
5
3
2319362638682783744
-2319362638682783745
6
4
211519220482048
-211519220482049
4
6
68721052676
-68721052677
3
5
86000205824
-86000205825
5
3
2319380196509089792
-2319380196509089793
6
4
123146241835008
-123146241835009
5
2
69056332800
-69056332801
7
4
120260001792
-120260001793
4
7
9051351652761600
-9051351652761601
2
5
123146241835008
-123146241835009
5
6
69056332800
-69056332801
3
4
120260001792
-120260001793
4
3
9051351652761600
-9051351652761601
6
5
963012198400
-963012198401
2
1
68989487112
-68989487113
8
7
120376524800
-120376524801
7
8
1157451527007240192
-1157451527007240193
1
2
71194317422592
-71194317422593
2
3
68988963848
-68988963849
6
7
120309547008
-120309547009
7
6
1166441134075936768
-1166441134075936769
3
2
71331487940608
-71331487940609
2
3
68721052680
-68721052681
6
7
86016917504
-86016917505
7
6
1166458691902242816
-1166458691902242817
3
2
71331487940608
-71331487940609
6
5
68721052680
-68721052681
4
3
86016917504
-86016917505
3
4
1166458691902242816
-1166458691902242817
5
6
4536424988672
-4536424988673
2
4
4467035996160
-4467035996161
5
7
120328290304
-120328290305
7
5
26422775119872
-26422775119873
4
2
4536424988672
-4536424988673
3
5
4467035996160
-4467035996161
4
6
120328290304
-120328290305
6
4
26422775119872
-26422775119873
5
3
4536424988672
-4536424988673
5
6
4467035996160
-4467035996161
3
4
120328290304
-120328290305
4
3
26422775119872
-26422775119873
6
5
4432808902656
-4432808902657
5
2
4501394161664
-4501394161665
7
4
103349747712
-103349747713
4
7
34764488704
-34764488705
2
5
4574038030548992
-4574038030548993
3
1
69156733952
-69156733953
8
6
120393435136
-120393435137
6
8
9016373439102976
-9016373439102977
1
3
4574038030548992
-4574038030548993
4
1
69156733952
-69156733953
8
5
120393435136
-120393435137
5
8
9016373439102976
-9016373439102977
1
4
4609222402637824
-4609222402637825
3
1
69156996096
-69156996097
8
6
120393697280
-120393697281
6
8
9051557811191808
-9051557811191809
1
3
4609222402637824
-4609222402637825
4
1
69156996096
-69156996097
8
5
120393697280
-120393697281
5
8
9051557811191808
-9051557811191809
1
4
4626813783375872
-4626813783375873
3
5
68954620928
-68954620929
4
6
68854614016
-68854614017
6
4
9042864797384704
-9042864797384705
5
3
4626813783375872
-4626813783375873
4
1
68954620928
-68954620929
8
5
68854614016
-68854614017
5
8
9042864797384704
-9042864797384705
1
4
4626813783375872
-4626813783375873
6
1
68954620928
-68954620929
8
3
68854614016
-68854614017
3
8
9042864797384704
-9042864797384705
1
6
4626814051811328
-4626814051811329
6
3
69223056384
-69223056385
6
3
103214352384
-103214352385
3
6
9042899157123072
-9042899157123073
3
6
211382049964032
-211382049964033
2
4
68988963844
-68988963845
5
7
120292835328
-120292835329
7
5
2319362638682783744
-2319362638682783745
4
2
246291544145920
-246291544145921
2
4
68989223940
-68989223941
5
7
120259543040
-120259543041
7
5
2314894223427502080
-2314894223427502081
4
2
246291544145920
-246291544145921
5
1
68989223940
-68989223941
8
4
120259543040
-120259543041
4
8
2314894223427502080
-2314894223427502081
1
5
246566153617408
-246566153617409
4
6
68720790532
-68720790533
3
5
85933359104
-85933359105
5
3
2319397788695134208
-2319397788695134209
6
4
149912478023680
-149912478023681
3
2
120662788100
-120662788101
7
6
120696406016
-120696406017
6
7
2310355508952825856
-2310355508952825857
2
3
167401584852992
-167401584852993
2
4
86235940868
-86235940869
5
7
120294277120
-120294277121
7
5
2310355577403867136
-2310355577403867137
4
2
242531434496
-242531434497
4
1
103483445248
-103483445249
8
5
129318780928
-129318780929
5
8
2278291574620160
-2278291574620161
1
4
26390292332544
-26390292332545
3
1
86235942912
-86235942913
8
6
128850591744
-128850591745
6
8
2260768376487936
-2260768376487937
1
3
26390292332544
-26390292332545
3
6
86235942912
-86235942913
3
6
128850591744
-128850591745
6
3
2260768376487936
-2260768376487937
6
3
26629736759296
-26629736759297
3
1
120730419200
-120730419201
8
6
120730419200
-120730419201
6
8
26629736759296
-26629736759297
1
3
26629736759296
-26629736759297
5
1
120730419200
-120730419201
8
4
120730419200
-120730419201
4
8
26629736759296
-26629736759297
1
5
26492834676736
-26492834676737
4
1
120728850432
-120728850433
8
5
112073375744
-112073375745
5
8
2252041271377920
-2252041271377921
1
4
26561956806656
-26561956806657
3
1
51876728832
-51876728833
8
6
60466659328
-60466659329
6
8
2278360696750080
-2278360696750081
1
3
26561956806656
-26561956806657
4
1
51876728832
-51876728833
8
5
60466659328
-60466659329
5
8
2278360696750080
-2278360696750081
1
4
9051351652761600
-9051351652761601
2
5
120260001792
-120260001793
4
7
69056332800
-69056332801
7
4
123146241835008
-123146241835009
5
2
9051351652761600
-9051351652761601
6
5
120260001792
-120260001793
4
3
69056332800
-69056332801
3
4
123146241835008
-123146241835009
5
6
123146241835008
-123146241835009
5
2
69056332800
-69056332801
7
4
120260001792
-120260001793
4
7
9051351652761600
-9051351652761601
2
5
123146241835008
-123146241835009
5
6
69056332800
-69056332801
3
4
120260001792
-120260001793
4
3
9051351652761600
-9051351652761601
6
5
4565173218050048
-4565173218050049
3
2
86269755392
-86269755393
7
6
120260921344
-120260921345
6
7
44427812798464
-44427812798465
2
3
4565173218050048
-4565173218050049
3
6
86269755392
-86269755393
3
6
120260921344
-120260921345
6
3
44427812798464
-44427812798465
6
3
4565173218050048
-4565173218050049
5
2
86269755392
-86269755393
7
4
120260921344
-120260921345
4
7
44427812798464
-44427812798465
2
5
4565173218050048
-4565173218050049
5
6
86269755392
-86269755393
3
4
120260921344
-120260921345
4
3
44427812798464
-44427812798465
6
5
4565275760394240
-4565275760394241
3
2
120762662912
-120762662913
7
6
103483705344
-103483705345
6
7
35700707688448
-35700707688449
2
3
4565275760394240
-4565275760394241
5
2
120762662912
-120762662913
7
4
103483705344
-103483705345
4
7
35700707688448
-35700707688449
2
5
4565275760394240
-4565275760394241
6
2
120762662912
-120762662913
7
3
103483705344
-103483705345
3
7
35700707688448
-35700707688449
2
6
48413810884608
-48413810884609
2
4
4518575341568
-4518575341569
5
7
120530927616
-120530927617
7
5
44015766470656
-44015766470657
4
2
52916010352640
-52916010352641
5
6
69056860160
-69056860161
3
4
128916914176
-128916914177
4
3
2313544397750272
-2313544397750273
6
5
26423645437952
-26423645437953
1
3
17712781721600
-17712781721601
6
8
257968046080
-257968046081
8
6
8968831762432
-8968831762433
3
1
26423645437952
-26423645437953
3
2
17712781721600
-17712781721601
7
6
257968046080
-257968046081
6
7
8968831762432
-8968831762433
2
3
61607480655872
-61607480655873
3
2
17712780935168
-17712780935169
7
6
240788439040
-240788439041
6
7
35357110829056
-35357110829057
2
3
61607749091328
-61607749091329
6
4
17712513548288
-17712513548289
5
3
223608569856
-223608569857
3
5
44118844112896
-44118844112897
4
6
96997944066048
-96997944066049
1
3
120729371648
-120729371649
6
8
103550681088
-103550681089
8
6
9025032898478080
-9025032898478081
3
1
96997944066048
-96997944066049
4
1
120729371648
-120729371649
8
5
103550681088
-103550681089
5
8
9025032898478080
-9025032898478081
1
4
96997944066048
-96997944066049
6
2
120729371648
-120729371649
7
3
103550681088
-103550681089
3
7
9025032898478080
-9025032898478081
2
6
123317503655936
-123317503655937
3
6
103415546880
-103415546881
3
6
103415676928
-103415676929
6
3
9060148014219264
-9060148014219265
6
3
131941797986304
-131941797986305
3
6
86235153408
-86235153409
3
6
103081181184
-103081181185
6
3
9042556096610304
-9042556096610305
6
3
131941797986304
-131941797986305
6
2
86235153408
-86235153409
7
3
103081181184
-103081181185
3
7
9042556096610304
-9042556096610305
2
6
96860505112576
-96860505112577
4
1
120728847360
-120728847361
8
5
103483572224
-103483572225
5
8
9007440712433664
-9007440712433665
1
4
8969636544512
-8969636544513
6
3
120260661248
-120260661249
6
3
94825873408
-94825873409
3
6
2278189032275968
-2278189032275969
3
6
8968564899840
-8968564899841
2
5
120262754304
-120262754305
4
7
4484282449920
-4484282449921
7
4
30787265101824
-30787265101825
5
2
26492298854400
-26492298854401
2
3
121266765824
-121266765825
6
7
8916756332544
-8916756332545
7
6
9054730584064
-9054730584065
3
2
26492298854400
-26492298854401
5
2
121266765824
-121266765825
7
4
8916756332544
-8916756332545
4
7
9054730584064
-9054730584065
2
5
61573591728128
-61573591728129
3
6
86773071872
-86773071873
3
6
8916353941504
-8916353941505
6
3
44170114760704
-44170114760705
6
3
61573591728128
-61573591728129
5
6
86773071872
-86773071873
3
4
8916353941504
-8916353941505
4
3
44170114760704
-44170114760705
6
5
4539196987408384
-4539196987408385
3
5
68754868224
-68754868225
4
6
86000273408
-86000273409
6
4
4565447290650624
-4565447290650625
5
3
4539196987408384
-4539196987408385
6
5
68754868224
-68754868225
4
3
86000273408
-86000273409
3
4
4565447290650624
-4565447290650625
5
6
61711969157120
-61711969157121
3
6
17517252608
-17517252609
3
6
60198486016
-60198486017
6
3
2313544800403456
-2313544800403457
6
3
61711969157120
-61711969157121
5
6
17517252608
-17517252609
3
4
60198486016
-60198486017
4
3
2313544800403456
-2313544800403457
6
5
61711969157120
-61711969157121
6
5
17517252608
-17517252609
4
3
60198486016
-60198486017
3
4
2313544800403456
-2313544800403457
5
6
61711969157120
-61711969157121
6
6
17517252608
-17517252609
3
3
60198486016
-60198486017
3
3
2313544800403456
-2313544800403457
6
6
53284438016
-53284438017
3
5
8899173289984
-8899173289985
4
6
95294586880
-95294586881
6
4
2260596310409216
-2260596310409217
5
3
53284438016
-53284438017
4
2
8899173289984
-8899173289985
7
5
95294586880
-95294586881
5
7
2260596310409216
-2260596310409217
2
4
4556600060674048
-4556600060674049
6
4
8796329738240
-8796329738241
5
3
17918855168
-17918855169
3
5
62053688541184
-62053688541185
4
6
2304800246988800
-2304800246988801
6
4
8804886118400
-8804886118401
5
3
17918857216
-17918857217
3
5
61779884376064
-61779884376065
4
6
35202492530688
-35202492530689
2
4
8865619116032
-8865619116033
5
7
8916889239552
-8916889239553
7
5
44032139984896
-44032139984897
4
2
35202492530688
-35202492530689
3
2
8865619116032
-8865619116033
7
6
8916889239552
-8916889239553
6
7
44032139984896
-44032139984897
2
3
44032138936320
-44032138936321
1
3
8916352368640
-8916352368641
6
8
69526093824
-69526093825
8
6
35185312661504
-35185312661505
3
1
61795989454848
-61795989454849
6
4
8813475004416
-8813475004417
5
3
740032512
-740032513
3
5
52983254482944
-52983254482945
4
6
2251938997469184
-2251938997469185
4
6
77310988288
-77310988289
3
5
94556393472
-94556393473
5
3
2278189300711424
-2278189300711425
6
4
2304577045004288
-2304577045004289
7
4
77379928064
-77379928065
5
2
4483946647552
-4483946647553
2
5
48517158535168
-48517158535169
4
7
2313544397750272
-2313544397750273
6
5
128916914176
-128916914177
4
3
69056860160
-69056860161
3
4
52916010352640
-52916010352641
5
6
44015766470656
-44015766470657
4
2
120530927616
-120530927617
7
5
4518575341568
-4518575341569
5
7
48413810884608
-48413810884609
2
4
8968831762432
-8968831762433
2
3
257968046080
-257968046081
6
7
17712781721600
-17712781721601
7
6
26423645437952
-26423645437953
3
2
8968831762432
-8968831762433
3
1
257968046080
-257968046081
8
6
17712781721600
-17712781721601
6
8
26423645437952
-26423645437953
1
3
35357110829056
-35357110829057
2
3
240788439040
-240788439041
6
7
17712780935168
-17712780935169
7
6
61607480655872
-61607480655873
3
2
44118844112896
-44118844112897
4
6
223608569856
-223608569857
3
5
17712513548288
-17712513548289
5
3
61607749091328
-61607749091329
6
4
44427812798464
-44427812798465
2
3
120260921344
-120260921345
6
7
86269755392
-86269755393
7
6
4565173218050048
-4565173218050049
3
2
44427812798464
-44427812798465
6
5
120260921344
-120260921345
4
3
86269755392
-86269755393
3
4
4565173218050048
-4565173218050049
5
6
61814377283584
-61814377283585
3
1
120461201408
-120461201409
8
6
77781008384
-77781008385
6
8
2304783469772800
-2304783469772801
1
3
44170114760704
-44170114760705
2
3
8916353941504
-8916353941505
6
7
86773071872
-86773071873
7
6
61573591728128
-61573591728129
3
2
44170114760704
-44170114760705
2
5
8916353941504
-8916353941505
4
7
86773071872
-86773071873
7
4
61573591728128
-61573591728129
5
2
44170114760704
-44170114760705
6
3
8916353941504
-8916353941505
6
3
86773071872
-86773071873
3
6
61573591728128
-61573591728129
3
6
61830483410944
-61830483410945
6
3
8916554219520
-8916554219521
6
3
69727944704
-69727944705
3
6
52983657136128
-52983657136129
3
6
61830483410944
-61830483410945
6
5
8916554219520
-8916554219521
4
3
69727944704
-69727944705
3
4
52983657136128
-52983657136129
5
6
61813169848320
-61813169848321
7
4
189180674048
-189180674049
5
2
17592657641472
-17592657641473
2
5
52983588978688
-52983588978689
4
7
61813171421184
-61813171421185
7
4
51743817728
-51743817729
5
2
4398518108160
-4398518108161
2
5
57381568380928
-57381568380929
4
7
44153480151040
-44153480151041
2
3
120259874848
-120259874849
6
7
1177157894144
-1177157894145
7
6
290534953463054336
-290534953463054337
3
2
44153480151040
-44153480151041
6
2
120259874848
-120259874849
7
3
1177157894144
-1177157894145
3
7
290534953463054336
-290534953463054337
2
6
61676946718720
-61676946718721
3
1
120460677152
-120460677153
8
6
1177225527296
-1177225527297
6
8
290517567435440128
-290517567435440129
1
3
61780025933824
-61780025933825
4
6
86101463072
-86101463073
3
5
1177024200704
-1177024200705
5
3
290535159353049088
-290535159353049089
6
4
61814251454464
-61814251454465
6
2
51741724704
-51741724705
7
3
1108573159424
-1108573159425
3
7
290535159487266816
-290535159487266817
2
6
44152398544896
-44152398544897
2
5
257698824192
-257698824193
4
7
17661242376192
-17661242376193
7
4
52777564766208
-52777564766209
5
2
52948760002560
-52948760002561
3
6
240854499328
-240854499329
3
6
17695601590272
-17695601590273
6
3
52948826587136
-52948826587137
6
3
61813571977216
-61813571977217
6
1
120729632768
-120729632769
8
3
103550812160
-103550812161
3
8
53018015825920
-53018015825921
1
6
61813571977216
-61813571977217
6
2
120729632768
-120729632769
7
3
103550812160
-103550812161
3
7
53018015825920
-53018015825921
2
6
61813571977216
-61813571977217
6
3
120729632768
-120729632769
6
3
103550812160
-103550812161
3
6
53018015825920
-53018015825921
3
6
61813571977216
-61813571977217
7
5
120729632768
-120729632769
4
2
103550812160
-103550812161
2
4
53018015825920
-53018015825921
5
7
61813171421184
-61813171421185
6
6
51743817728
-51743817729
3
3
4398518108160
-4398518108161
3
3
57381568380928
-57381568380929
6
6
61813171421184
-61813171421185
7
4
51743817728
-51743817729
5
2
4398518108160
-4398518108161
2
5
57381568380928
-57381568380929
4
7
61813974630400
-61813974630401
6
5
52011204608
-52011204609
4
3
52011204608
-52011204609
3
4
61813974630400
-61813974630401
5
6
61813974630400
-61813974630401
6
6
52011204608
-52011204609
3
3
52011204608
-52011204609
3
3
61813974630400
-61813974630401
6
6
44187429900288
-44187429900289
2
4
19194970112
-19194970113
5
7
2260647648952320
-2260647648952321
7
5
61702037045248
-61702037045249
4
2
44187429900288
-44187429900289
3
6
19194970112
-19194970113
3
6
2260647648952320
-2260647648952321
6
3
61702037045248
-61702037045249
6
3
52983522922496
-52983522922497
3
6
2082209792
-2082209793
3
6
2260647648428032
-2260647648428033
6
3
61838939127808
-61838939127809
6
3
61813974634496
-61813974634497
6
6
53084946432
-53084946433
3
3
2251851824889856
-2251851824889857
3
3
61822564564992
-61822564564993
6
6
61813974634496
-61813974634497
7
5
53084946432
-53084946433
4
2
2251851824889856
-2251851824889857
2
4
61822564564992
-61822564564993
5
7
120663834624
-120663834625
6
2
8899576987648
-8899576987649
7
3
4502065250304
-4502065250305
3
7
4501529427968
-4501529427969
2
6
121198608384
-121198608385
7
4
8899575939072
-8899575939073
5
2
121198608384
-121198608385
2
5
8899575939072
-8899575939073
4
7
44170114760704
-44170114760705
2
3
8916353941504
-8916353941505
6
7
86773071872
-86773071873
7
6
61573591728128
-61573591728129
3
2
44170114760704
-44170114760705
2
5
8916353941504
-8916353941505
4
7
86773071872
-86773071873
7
4
61573591728128
-61573591728129
5
2
44170114760704
-44170114760705
6
3
8916353941504
-8916353941505
6
3
86773071872
-86773071873
3
6
61573591728128
-61573591728129
3
6
61830483410944
-61830483410945
6
3
8916554219520
-8916554219521
6
3
69727944704
-69727944705
3
6
52983657136128
-52983657136129
3
6
61830483410944
-61830483410945
6
5
8916554219520
-8916554219521
4
3
69727944704
-69727944705
3
4
52983657136128
-52983657136129
5
6
26508672368640
-26508672368641
5
2
8916553433088
-8916553433089
7
4
69660573696
-69660573697
4
7
207099002880
-207099002881
2
5
26508672368640
-26508672368641
6
3
8916553433088
-8916553433089
6
3
69660573696
-69660573697
3
6
207099002880
-207099002881
3
6
61693044457472
-61693044457473
3
1
8916553695232
-8916553695233
8
6
69660835840
-69660835841
6
8
35391471091712
-35391471091713
1
3
120934367232
-120934367233
6
3
8899307511808
-8899307511809
6
3
2285862125568
-2285862125569
3
6
1134765123043328
-1134765123043329
3
6
35408385671168
-35408385671169
3
5
8864948559872
-8864948559873
4
6
2285661061120
-2285661061121
6
4
1187541412741120
-1187541412741121
5
3
35304769585152
-35304769585153
6
3
8899306725376
-8899306725377
6
3
2268682518528
-2268682518529
3
6
1161153402109952
-1161153402109953
3
6
258639659008
-258639659009
2
4
8899578560512
-8899578560513
5
7
4519312228352
-4519312228353
7
5
30889808494592
-30889808494593
4
2
4556582880804864
-4556582880804865
6
5
236716032
-236716033
4
3
17381984256
-17381984257
3
4
62053687492608
-62053687492609
5
6
4556582880804864
-4556582880804865
7
4
236716032
-236716033
5
2
17381984256
-17381984257
2
5
62053687492608
-62053687492609
4
7
4556582880804864
-4556582880804865
7
5
236716032
-236716033
4
2
17381984256
-17381984257
2
4
62053687492608
-62053687492609
5
7
4556582880804864
-4556582880804865
7
5
236716032
-236716033
4
2
17381984256
-17381984257
2
4
62053687492608
-62053687492609
5
7
4556582880804864
-4556582880804865
6
5
236716032
-236716033
4
3
17381984256
-17381984257
3
4
62053687492608
-62053687492609
5
6
4556582880804864
-4556582880804865
7
4
236716032
-236716033
5
2
17381984256
-17381984257
2
5
62053687492608
-62053687492609
4
7
4556599523803136
-4556599523803137
6
2
8796328689664
-8796328689665
7
3
738985984
-738985985
3
7
53257595518976
-53257595518977
2
6
2304783067119616
-2304783067119617
7
4
8793096192
-8793096193
5
2
17381986304
-17381986305
2
5
61779883327488
-61779883327489
4
7
2304783067119616
-2304783067119617
7
5
8793096192
-8793096193
4
2
17381986304
-17381986305
2
4
61779883327488
-61779883327489
5
7
2304783067119616
-2304783067119617
7
4
8793096192
-8793096193
5
2
17381986304
-17381986305
2
5
61779883327488
-61779883327489
4
7
2304783067119616
-2304783067119617
6
5
8793096192
-8793096193
4
3
17381986304
-17381986305
3
4
61779883327488
-61779883327489
5
6
2304783067119616
-2304783067119617
7
4
8793096192
-8793096193
5
2
17381986304
-17381986305
2
5
61779883327488
-61779883327489
4
7
61779346456576
-61779346456577
3
7
17383030784
-17383030785
2
6
17383030784
-17383030785
6
2
61779346456576
-61779346456577
7
3
61779346456576
-61779346456577
4
7
17383030784
-17383030785
2
5
17383030784
-17383030785
5
2
61779346456576
-61779346456577
7
4
61779346456576
-61779346456577
7
5
17383030784
-17383030785
4
2
17383030784
-17383030785
2
4
61779346456576
-61779346456577
5
7
61779346456576
-61779346456577
6
6
17383030784
-17383030785
3
3
17383030784
-17383030785
3
3
61779346456576
-61779346456577
6
6
61779346456576
-61779346456577
7
4
17383030784
-17383030785
5
2
17383030784
-17383030785
2
5
61779346456576
-61779346456577
4
7
61779346456576
-61779346456577
7
5
17383030784
-17383030785
4
2
17383030784
-17383030785
2
4
61779346456576
-61779346456577
5
7
35408247783424
-35408247783425
6
6
8933668028416
-8933668028417
3
3
17610104373248
-17610104373249
3
3
61641438789632
-61641438789633
6
6
35408247783424
-35408247783425
7
4
8933668028416
-8933668028417
5
2
17610104373248
-17610104373249
2
5
61641438789632
-61641438789633
4
7
35408247783424
-35408247783425
7
5
8933668028416
-8933668028417
4
2
17610104373248
-17610104373249
2
4
61641438789632
-61641438789633
5
7
35408515694592
-35408515694593
7
3
8796497510400
-8796497510401
6
2
52278067200
-52278067201
2
6
61675731419136
-61675731419137
3
7
35408515694592
-35408515694593
7
3
8796497510400
-8796497510401
6
2
52278067200
-52278067201
2
6
61675731419136
-61675731419137
3
7
35408515694592
-35408515694593
7
5
8796497510400
-8796497510401
4
2
52278067200
-52278067201
2
4
61675731419136
-61675731419137
5
7
35185315282944
-35185315282945
3
6
206967144448
-206967144449
3
6
30906584924160
-30906584924161
6
3
48430252556288
-48430252556289
6
3
35304765915136
-35304765915137
3
5
9036745670656
-9036745670657
4
6
17661845307392
-17661845307393
6
4
35253562376192
-35253562376193
5
3
61830349193216
-61830349193217
6
2
8847834742784
-8847834742785
7
3
1008467968
-1008467969
3
7
52983522918400
-52983522918401
2
6
61778810634240
-61778810634241
4
2
17918853120
-17918853121
7
5
8796296183808
-8796296183809
5
7
53000433303552
-53000433303553
2
4
2295918254620672
-2295918254620673
4
6
25771638784
-25771638785
3
5
17248292864
-17248292865
5
3
61574261768192
-61574261768193
6
4
2313373001711616
-2313373001711617
5
2
25838223360
-25838223361
7
4
17181708288
-17181708289
4
7
44119514677248
-44119514677249
2
5
2313373001711616
-2313373001711617
6
4
25838223360
-25838223361
5
3
17181708288
-17181708289
3
5
44119514677248
-44119514677249
4
6
2295918254620672
-2295918254620673
1
3
25771638784
-25771638785
6
8
17248292864
-17248292865
8
6
61574261768192
-61574261768193
3
1
2295918254620672
-2295918254620673
4
6
25771638784
-25771638785
3
5
17248292864
-17248292865
5
3
61574261768192
-61574261768193
6
4
61830349193216
-61830349193217
6
2
8847834742784
-8847834742785
7
3
1008467968
-1008467969
3
7
52983522918400
-52983522918401
2
6
61814108848128
-61814108848129
5
7
120730681344
-120730681345
2
4
120730681344
-120730681345
4
2
61814108848128
-61814108848129
7
5
11294595757375488
-11294595757375489
6
6
8590854144
-8590854145
3
3
100930560
-100930561
3
3
4626746003423232
-4626746003423233
6
6
43981001981952
-43981001981953
1
3
17181179904
-17181179905
6
8
17181179904
-17181179905
8
6
43981001981952
-43981001981953
3
1
44049184587776
-44049184587777
3
1
17314349056
-17314349057
8
6
135528448
-135528449
6
8
35253628436480
-35253628436481
1
3
2304713810771968
-2304713810771969
6
1
8657829888
-8657829889
8
3
67899392
-67899393
3
8
52915070828544
-52915070828545
1
6
57586921504768
-57586921504769
4
6
4398114408448
-4398114408449
3
5
103546880
-103546881
5
3
4556513626554368
-4556513626554369
6
4
44392782233600
-44392782233601
5
3
35201552746496
-35201552746497
6
4
35184474062848
-35184474062849
4
6
4556376722636800
-4556376722636801
3
5
35321813139456
-35321813139457
6
1
2883584
-2883585
8
3
4398113882112
-4398113882113
3
8
57174604644352
-57174604644353
1
6
2304714347642880
-2304714347642881
3
5
8658878464
-8658878465
4
6
17247768576
-17247768577
6
4
61711163850752
-61711163850753
5
3
2310390589843046400
-2310390589843046401
6
4
17214799872
-17214799873
5
3
17181181956
-17181181957
3
5
184993368244224
-184993368244225
4
6
2295918254620672
-2295918254620673
4
6
25771638784
-25771638785
3
5
17248292864
-17248292865
5
3
61574261768192
-61574261768193
6
4
105554055790592
-105554055790593
2
4
68989223936
-68989223937
5
7
120259477504
-120259477505
7
5
9051214213808128
-9051214213808129
4
2
2322306802122752
-2322306802122753
2
4
8859943936
-8859943937
5
7
51606851584
-51606851585
7
5
9033622967287808
-9033622967287809
4
2
70506921328640
-70506921328641
4
6
17660907095040
-17660907095041
3
5
223405539328
-223405539329
5
3
9033587668549632
-9033587668549633
6
4
413055057920
-413055057921
4
6
17660907096064
-17660907096065
3
5
223438962688
-223438962689
5
3
4529988041179136
-4529988041179137
6
4
26389621243904
-26389621243905
3
6
17515417600
-17515417601
3
6
42951245824
-42951245825
6
3
2251972149248000
-2251972149248001
6
3
8899306979328
-8899306979329
7
3
257832255488
-257832255489
6
2
17661309222912
-17661309222913
2
6
69726109696
-69726109697
3
7
8899306979328
-8899306979329
7
4
257832255488
-257832255489
5
2
17661309222912
-17661309222913
2
5
69726109696
-69726109697
4
7
9011632197861376
-9011632197861377
3
3
4432407429120
-4432407429121
6
6
17450402816
-17450402817
6
6
79165107732480
-79165107732481
3
3
9011597838123008
-9011597838123009
1
4
4398047690752
-4398047690753
5
8
17181967360
-17181967361
8
5
79164839297024
-79164839297025
4
1
9011597838123008
-9011597838123009
2
6
4398047690752
-4398047690753
3
7
17181967360
-17181967361
7
3
79164839297024
-79164839297025
6
2
9011597838123008
-9011597838123009
3
3
4398047690752
-4398047690753
6
6
17181967360
-17181967361
6
6
79164839297024
-79164839297025
3
3
9011597838123008
-9011597838123009
7
5
4398047690752
-4398047690753
4
2
17181967360
-17181967361
2
4
79164839297024
-79164839297025
5
7
57312580468736
-57312580468737
2
6
4398115454976
-4398115454977
3
7
17249861632
-17249861633
7
3
61710092206080
-61710092206081
6
2
57312580468736
-57312580468737
6
5
4398115454976
-4398115454977
4
3
17249861632
-17249861633
3
4
61710092206080
-61710092206081
5
6
66142496358400
-66142496358401
5
6
4449654013952
-4449654013953
3
4
339476480
-339476481
4
3
52914804490240
-52914804490241
6
5
66142496358400
-66142496358401
5
7
4449654013952
-4449654013953
2
4
339476480
-339476481
4
2
52914804490240
-52914804490241
7
5
66142496358400
-66142496358401
6
2
4449654013952
-4449654013953
7
3
339476480
-339476481
3
7
52914804490240
-52914804490241
2
6
66142496358400
-66142496358401
6
3
4449654013952
-4449654013953
6
3
339476480
-339476481
3
6
52914804490240
-52914804490241
3
6
83734682402816
-83734682402817
3
3
4449586643968
-4449586643969
6
6
338821120
-338821121
6
6
9024792248188928
-9024792248188929
3
3
83734682402816
-83734682402817
5
6
4449586643968
-4449586643969
3
4
338821120
-338821121
4
3
9024792248188928
-9024792248188929
6
5
13640816132096
-13640816132097
3
3
4449586644992
-4449586644993
6
6
372244480
-372244481
6
6
4521192620818432
-4521192620818433
3
3
48550847184896
-48550847184897
2
3
4449587953664
-4449587953665
6
7
17518821376
-17518821377
7
6
61573458558976
-61573458558977
3
2
48550847184896
-48550847184897
2
5
4449587953664
-4449587953665
4
7
17518821376
-17518821377
7
4
61573458558976
-61573458558977
5
2
13641353003008
-13641353003009
6
3
4449587693568
-4449587693569
6
3
17552113664
-17552113665
3
6
4529988713840640
-4529988713840641
3
6
13229038239744
-13229038239745
3
3
4449589264384
-4449589264385
6
6
4415497961472
-4415497961473
6
6
13194946936832
-13194946936833
3
3
13297220845568
-13297220845569
4
2
4449722433536
-4449722433537
7
5
4398452310016
-4398452310017
5
7
4467573391360
-4467573391361
2
4
13297220845568
-13297220845569
7
4
4449722433536
-4449722433537
5
2
4398452310016
-4398452310017
2
5
4467573391360
-4467573391361
4
7
13211923382272
-13211923382273
6
3
30803506495488
-30803506495489
6
3
155158839296
-155158839297
3
6
8796633563136
-8796633563137
3
6
9071508848640
-9071508848641
3
3
17717790720
-17717790721
6
6
8813307494400
-8813307494401
6
6
4512413437132800
-4512413437132801
3
3
9071508848640
-9071508848641
5
6
17717790720
-17717790721
3
4
8813307494400
-8813307494401
4
3
4512413437132800
-4512413437132801
6
5
9277666230272
-9277666230273
5
6
17315661824
-17315661825
3
4
17415798784
-17415798785
4
3
4530057162784768
-4530057162784769
6
5
8796635136000
-8796635136001
5
6
17717796864
-17717796865
3
4
11012297195520
-11012297195521
4
3
1134713716604928
-1134713716604929
6
5
8865353564160
-8865353564161
3
3
17315143680
-17315143681
6
6
2216338391040
-2216338391041
6
6
1134765256212480
-1134765256212481
3
3
8865353564160
-8865353564161
5
1
17315143680
-17315143681
8
4
2216338391040
-2216338391041
4
8
1134765256212480
-1134765256212481
1
5
8865353564160
-8865353564161
5
6
17315143680
-17315143681
3
4
2216338391040
-2216338391041
4
3
1134765256212480
-1134765256212481
6
5
481842692096
-481842692097
2
3
941099008
-941099009
6
7
8847867510784
-8847867510785
7
6
4530108165521408
-4530108165521409
3
2
9071105671168
-9071105671169
6
4
223338301440
-223338301441
5
3
17660940124160
-17660940124161
3
5
4503600365568000
-4503600365568001
4
6
9105331191808
-9105331191809
3
2
188978563072
-188978563073
7
6
17592489082880
-17592489082881
6
7
4503600499785728
-4503600499785729
2
3
9049393013456896
-9049393013456897
1
4
1130297954273280
-1130297954273281
5
8
107217920
-107217921
8
5
4626744931786752
-4626744931786753
4
1
9049393013456896
-9049393013456897
1
6
1130297954273280
-1130297954273281
3
8
107217920
-107217921
8
3
4626744931786752
-4626744931786753
6
1
9057776789618688
-9057776789618689
5
3
1130315133616128
-1130315133616129
6
4
7603200
-7603201
4
6
105553655242752
-105553655242753
3
5
50989851738112
-50989851738113
5
3
1130315134011392
-1130315134011393
6
4
108265472
-108265473
4
6
4556376724480000
-4556376724480001
3
5
59785944760320
-59785944760321
4
6
1130298021251072
-1130298021251073
3
5
107741184
-107741185
5
3
4556513626562560
-4556513626562561
6
4
15393297530880
-15393297530881
3
3
1130521291653120
-1130521291653121
6
6
17660912861184
-17660912861185
6
6
740302848
-740302849
3
3
15427523051520
-15427523051521
5
3
1130486931914752
-1130486931914753
6
4
17592461819904
-17592461819905
4
6
874520576
-874520577
3
5
1139523543105536
-1139523543105537
2
3
15410343184384
-15410343184385
6
7
640688128
-640688129
7
6
4521192357625856
-4521192357625857
3
2
429765689344
-429765689345
3
4
8933800937472
-8933800937473
5
6
17627183316992
-17627183316993
6
5
4521226241310720
-4521226241310721
4
3
429765689344
-429765689345
6
4
8933800937472
-8933800937473
5
3
17627183316992
-17627183316993
3
5
4521226241310720
-4521226241310721
4
6
481305296896
-481305296897
6
6
137842132992
-137842132993
3
3
17626780663808
-17626780663809
3
3
4521294959738880
-4521294959738881
6
6
481305296896
-481305296897
6
6
137842132992
-137842132993
3
3
17626780663808
-17626780663809
3
3
4521294959738880
-4521294959738881
6
6
430033600512
-430033600513
2
3
8796094597120
-8796094597121
6
7
17817403392
-17817403393
7
6
4529987907485696
-4529987907485697
3
2
430033600512
-430033600513
2
5
8796094597120
-8796094597121
4
7
17817403392
-17817403393
7
4
4529987907485696
-4529987907485697
5
2
9191230013440
-9191230013441
6
5
8847766849536
-8847766849537
4
3
974127104
-974127105
3
4
4503669153202176
-4503669153202177
5
6
412317122560
-412317122561
6
5
35184372615168
-35184372615169
4
3
35184472752128
-35184472752129
3
4
4521191813677056
-4521191813677057
5
6
429496991744
-429496991745
6
5
43980465637376
-43980465637377
4
3
35185009623040
-35185009623041
3
4
4521191814725632
-4521191814725633
5
6
9328668966912
-9328668966913
6
5
8847767373824
-8847767373825
4
3
1041235968
-1041235969
3
4
4521261339246592
-4521261339246593
5
6
9328668966912
-9328668966913
6
6
8847767373824
-8847767373825
3
3
1041235968
-1041235969
3
3
4521261339246592
-4521261339246593
6
6
515666608128
-515666608129
2
5
34765015040
-34765015041
4
7
4432909565952
-4432909565953
7
4
4525693207576576
-4525693207576577
5
2
9311491194880
-9311491194881
6
6
51676448768
-51676448769
3
3
4398550876160
-4398550876161
3
3
4525659384709120
-4525659384709121
6
6
9311489359872
-9311489359873
4
7
35236046440448
-35236046440449
2
5
35184876453888
-35184876453889
5
2
4521261338460160
-4521261338460161
7
4
9311489359872
-9311489359873
6
3
35236046440448
-35236046440449
6
3
35184876453888
-35184876453889
3
6
4521261338460160
-4521261338460161
3
6
35322482655232
-35322482655233
2
6
206160265216
-206160265217
3
7
17678152761344
-17678152761345
7
3
61572852482048
-61572852482049
6
2
52983388176384
-52983388176385
6
4
206361591808
-206361591809
5
3
17678287503360
-17678287503361
3
5
61779010912256
-61779010912257
4
6
61779346980864
-61779346980865
6
3
154821984256
-154821984257
6
3
17609569075200
-17609569075201
3
6
61779413565440
-61779413565441
3
6
61779480674304
-61779480674305
6
4
86102507520
-86102507521
5
3
86102507520
-86102507521
3
5
61779480674304
-61779480674305
4
6
9328656384
-9328656385
3
7
2269598159208448
-2269598159208449
2
6
17816598085632
-17816598085633
6
2
8796294877184
-8796294877185
7
3
8805220352000
-8805220352001
3
7
2251954433556480
-2251954433556481
2
6
17610440704000
-17610440704001
6
2
8796697006080
-8796697006081
7
3
8796900950016
-8796900950017
3
6
154890403840
-154890403841
3
6
22041773211648
-22041773211649
6
3
13229103251456
-13229103251457
6
3
8830991728640
-8830991728641
4
7
51542753280
-51542753281
2
5
4415495864320
-4415495864321
5
2
13194944839680
-13194944839681
7
4
8830991728640
-8830991728641
5
7
51542753280
-51542753281
2
4
4415495864320
-4415495864321
4
2
13194944839680
-13194944839681
7
5
674758656
-674758657
3
3
206698446848
-206698446849
6
6
30872224923648
-30872224923649
6
6
13211520729088
-13211520729089
3
3
8796633563136
-8796633563137
4
6
155158839296
-155158839297
3
5
30803506495488
-30803506495489
5
3
13211923382272
-13211923382273
6
4
8796633563136
-8796633563137
5
7
155158839296
-155158839297
2
4
30803506495488
-30803506495489
4
2
13211923382272
-13211923382273
7
5
906493952
-906493953
6
7
4521329521852416
-4521329521852417
2
3
18056042512384
-18056042512385
3
2
8830520395776
-8830520395777
7
6
35391335825408
-35391335825409
6
6
404488192
-404488193
3
3
51741196288
-51741196289
3
3
61675730370560
-61675730370561
6
6
8865620951040
-8865620951041
3
6
18122539008
-18122539009
3
6
13245814407168
-13245814407169
6
3
13314935488512
-13314935488513
6
3
8865620951040
-8865620951041
7
5
18122539008
-18122539009
4
2
13245814407168
-13245814407169
2
4
13314935488512
-13314935488513
5
7
8865352515584
-8865352515585
3
3
17854103552
-17854103553
6
6
13211454668800
-13211454668801
6
6
13280575750144
-13280575750145
3
3
8865352515584
-8865352515585
3
6
17854103552
-17854103553
3
6
13211454668800
-13211454668801
6
3
13280575750144
-13280575750145
6
3
17952145408
-17952145409
6
3
4530194065915904
-4530194065915905
6
3
18090939121664
-18090939121665
3
6
8796295923712
-8796295923713
3
6
8839580090368
-8839580090369
6
3
2251988793294848
-2251988793294849
6
3
17610709139456
-17610709139457
3
6
8796965441536
-8796965441537
3
6
8805220352000
-8805220352001
6
7
2251954433556480
-2251954433556481
2
3
17610440704000
-17610440704001
3
2
8796697006080
-8796697006081
7
6
9208947277824
-9208947277825
2
3
154620397568
-154620397569
6
7
17609467625472
-17609467625473
7
6
4529988510416896
-4529988510416897
3
2
9208947277824
-9208947277825
2
5
154620397568
-154620397569
4
7
17609467625472
-17609467625473
7
4
4529988510416896
-4529988510416897
5
2
9208947277824
-9208947277825
4
6
154620397568
-154620397569
3
5
17609467625472
-17609467625473
5
3
4529988510416896
-4529988510416897
6
4
9277666754560
-9277666754561
4
6
154754615296
-154754615297
3
5
17609601843200
-17609601843201
5
3
4530057229893632
-4530057229893633
6
4
9277666754560
-9277666754561
6
4
154754615296
-154754615297
5
3
17609601843200
-17609601843201
3
5
4530057229893632
-4530057229893633
4
6
9312025968640
-9312025968641
6
3
51675400192
-51675400193
6
3
17684234240
-17684234241
3
6
4530057431220224
-4530057431220225
3
6
8830956601344
-8830956601345
3
4
4521449779888128
-4521449779888129
5
6
18107851603968
-18107851603969
6
5
35366897664
-35366897665
4
3
8796900950016
-8796900950017
2
3
154890403840
-154890403841
6
7
22041773211648
-22041773211649
7
6
13229103251456
-13229103251457
3
2
8796900950016
-8796900950017
2
4
154890403840
-154890403841
5
7
22041773211648
-22041773211649
7
5
13229103251456
-13229103251457
4
2
8830455382016
-8830455382017
4
2
188980658176
-188980658177
7
5
21990502039552
-21990502039553
5
7
4398918926336
-4398918926337
2
4
8830455382016
-8830455382017
6
2
188980658176
-188980658177
7
3
21990502039552
-21990502039553
3
7
4398918926336
-4398918926337
2
6
8830991728640
-8830991728641
4
2
51542753280
-51542753281
7
5
4415495864320
-4415495864321
5
7
13194944839680
-13194944839681
2
4
8830991728640
-8830991728641
5
7
51542753280
-51542753281
2
4
4415495864320
-4415495864321
4
2
13194944839680
-13194944839681
7
5
61710626979840
-61710626979841
4
6
17248813056
-17248813057
3
5
17248813056
-17248813057
5
3
61710626979840
-61710626979841
6
4
537788416
-537788417
4
7
9042521066831872
-9042521066831873
2
5
123162482180096
-123162482180097
5
2
8796160394240
-8796160394241
7
4
8796630286336
-8796630286337
3
3
9042400807747584
-9042400807747585
6
6
105570297184256
-105570297184257
6
6
8796630156288
-8796630156289
3
3
8796630286336
-8796630286337
4
6
9042400807747584
-9042400807747585
3
5
105570297184256
-105570297184257
5
3
8796630156288
-8796630156289
6
4
8796630286336
-8796630286337
6
4
9042400807747584
-9042400807747585
5
3
105570297184256
-105570297184257
3
5
8796630156288
-8796630156289
4
6
8796630024192
-8796630024193
6
4
9007216435658752
-9007216435658753
5
3
70385925095424
-70385925095425
3
5
8796629894144
-8796629894145
4
6
8848170024960
-8848170024961
6
4
8985072631808
-8985072631809
5
3
17610172268544
-17610172268545
3
5
8796966486016
-8796966486017
4
6
8805220352000
-8805220352001
6
7
2251954433556480
-2251954433556481
2
3
17610440704000
-17610440704001
3
2
8796697006080
-8796697006081
7
6
8805286936576
-8805286936577
3
6
2269409180647424
-2269409180647425
3
6
155693613056
-155693613057
6
3
8796630421504
-8796630421505
6
3
8805220352000
-8805220352001
6
8
2251954433556480
-2251954433556481
1
3
17610440704000
-17610440704001
3
1
8796697006080
-8796697006081
8
6
8797066625024
-8797066625025
3
4
4503823235153920
-4503823235153921
5
6
17987324084224
-17987324084225
6
5
8831190960128
-8831190960129
4
3
8797133733888
-8797133733889
6
7
4521415421198336
-4521415421198337
2
3
18124763037696
-18124763037697
3
2
8831191484416
-8831191484417
7
6
8814246494208
-8814246494209
3
4
4512619328176128
-4512619328176129
5
6
17987860955136
-17987860955137
6
5
8831192008704
-8831192008705
4
3
8814246494208
-8814246494209
3
6
4512619328176128
-4512619328176129
3
6
17987860955136
-17987860955137
6
3
8831192008704
-8831192008705
6
3
8814246494208
-8814246494209
7
6
4512619328176128
-4512619328176129
3
2
17987860955136
-17987860955137
2
3
8831192008704
-8831192008705
6
7
8796630286336
-8796630286337
3
6
9042400807747584
-9042400807747585
3
6
105570297184256
-105570297184257
6
3
8796630156288
-8796630156289
6
3
8796630286336
-8796630286337
6
4
9042400807747584
-9042400807747585
5
3
105570297184256
-105570297184257
3
5
8796630156288
-8796630156289
4
6
8796630024192
-8796630024193
3
3
9007216435658752
-9007216435658753
6
6
70385925095424
-70385925095425
6
6
8796629894144
-8796629894145
3
3
8796630024192
-8796630024193
3
4
9007216435658752
-9007216435658753
5
6
70385925095424
-70385925095425
6
5
8796629894144
-8796629894145
4
3
8796630024192
-8796630024193
5
7
9007216435658752
-9007216435658753
2
4
70385925095424
-70385925095425
4
2
8796629894144
-8796629894145
7
5
8796630024192
-8796630024193
6
4
9007216435658752
-9007216435658753
5
3
70385925095424
-70385925095425
3
5
8796629894144
-8796629894145
4
6
8796630024192
-8796630024193
7
5
9007216435658752
-9007216435658753
4
2
70385925095424
-70385925095425
2
4
8796629894144
-8796629894145
5
7
8796630024192
-8796630024193
8
5
9007216435658752
-9007216435658753
4
1
70385925095424
-70385925095425
1
4
8796629894144
-8796629894145
5
8
44187160412160
-44187160412161
4
6
17315921920
-17315921921
3
5
17382506496
-17382506497
5
3
61641907503104
-61641907503105
6
4
8796631990272
-8796631990273
3
3
17183014912
-17183014913
6
6
4415227428864
-4415227428865
6
6
13194676404224
-13194676404225
3
3
8796631990272
-8796631990273
5
7
17183014912
-17183014913
2
4
4415227428864
-4415227428865
4
2
13194676404224
-13194676404225
7
5
8899174334464
-8899174334465
3
3
51675922432
-51675922433
6
6
4398450212864
-4398450212865
6
6
4467571294208
-4467571294209
3
3
34561196032
-34561196033
4
2
9024894520000512
-9024894520000513
7
5
70575171043328
-70575171043329
5
7
403178496
-403178497
2
4
17592924372992
-17592924372993
3
3
9024860228419584
-9024860228419585
6
6
70592083001344
-70592083001345
6
6
8933666718720
-8933666718721
3
3
17627149893632
-17627149893633
4
2
9024825868681216
-9024825868681217
7
5
70523631960064
-70523631960065
5
7
8933800936448
-8933800936449
2
4
68026368
-68026369
3
4
9060113251827712
-9060113251827713
5
6
123282741264384
-123282741264385
6
5
67896320
-67896321
4
3
104085979136
-104085979137
3
6
9024894923702272
-9024894923702273
3
6
70626844868608
-70626844868609
6
3
8899575415808
-8899575415809
6
3
17696204914688
-17696204914689
6
5
9007302804766720
-9007302804766721
4
3
70489406439424
-70489406439425
3
4
9037013844992
-9037013844993
5
6
35232284672
-35232284673
4
2
9024826070007808
-9024826070007809
7
5
70557991174144
-70557991174145
5
7
8830721721344
-8830721721345
2
4
17695600934912
-17695600934913
3
2
9024826270285824
-9024826270285825
7
6
70540946046976
-70540946046977
6
7
240787129344
-240787129345
2
3
34561720320
-34561720321
2
5
9025031958953984
-9025031958953985
4
7
88167357087744
-88167357087745
7
4
470287360
-470287361
5
2
34561720320
-34561720321
4
2
9025031958953984
-9025031958953985
7
5
88167357087744
-88167357087745
5
7
470287360
-470287361
2
4
8830520524800
-8830520524801
3
3
9024980419346432
-9024980419346433
6
6
88098638659584
-88098638659585
6
6
872940544
-872940545
3
3
8830520524800
-8830520524801
7
6
9024980419346432
-9024980419346433
3
2
88098638659584
-88098638659585
2
3
872940544
-872940545
6
7
33019708702720
-33019708702721
4
7
10137548814811136
-10137548814811137
2
5
70369020477440
-70369020477441
5
2
138246366208
-138246366209
7
4
33019708702720
-33019708702721
6
4
10137548814811136
-10137548814811137
5
3
70369020477440
-70369020477441
3
5
138246366208
-138246366209
4
6
26422706569216
-26422706569217
5
3
9024980486455296
-9024980486455297
6
4
88098639183872
-88098639183873
4
6
138311894016
-138311894017
3
5
9174587146240
-9174587146241
2
3
9007250929616896
-9007250929616897
6
7
70386361303040
-70386361303041
7
6
4512465245176832
-4512465245176833
3
2
9174050275328
-9174050275329
6
4
9007250928568320
-9007250928568321
5
3
70369181433856
-70369181433857
3
5
4503669152154624
-4503669152154625
4
6
9174050275328
-9174050275329
6
6
9007250928568320
-9007250928568321
3
3
70369181433856
-70369181433857
3
3
4503669152154624
-4503669152154625
6
6
61573188157440
-61573188157441
3
1
9007216503029760
-9007216503029761
8
6
70385925881856
-70385925881857
6
8
44118440936448
-44118440936449
1
3
61573188157440
-61573188157441
6
4
9007216503029760
-9007216503029761
5
3
70385925881856
-70385925881857
3
5
44118440936448
-44118440936449
4
6
35322348044288
-35322348044289
6
5
9007199256576000
-9007199256576001
4
3
70385991417856
-70385991417857
3
4
61572651156480
-61572651156481
5
6
43981002113024
-43981002113025
3
4
9007216435920896
-9007216435920897
5
6
70385925357568
-70385925357569
6
5
43981001982976
-43981001982977
4
3
9174318579712
-9174318579713
7
4
51942262784
-51942262785
5
2
34796994560
-34796994561
2
5
4503703511891968
-4503703511891969
4
7
9174319628288
-9174319628289
4
6
52479133696
-52479133697
3
5
8830890016768
-8830890016769
5
3
4503720691761152
-4503720691761153
6
4
9105466982400
-9105466982401
5
3
120261183488
-120261183489
6
4
4467069026304
-4467069026305
4
6
4507998613405696
-4507998613405697
3
5
481305296896
-481305296897
6
7
137842132992
-137842132993
2
3
17626780663808
-17626780663809
3
2
4521294959738880
-4521294959738881
7
6
1130727450083328
-1130727450083329
2
4
15393163315200
-15393163315201
5
7
639639552
-639639553
7
5
4521191820754944
-4521191820754945
4
2
515799252992
-515799252993
2
4
240921348096
-240921348097
5
7
17695768576000
-17695768576001
7
5
4521295362392064
-4521295362392065
4
2
7112465842176
-7112465842177
2
6
1130332447836160
-1130332447836161
3
7
509607936
-509607937
7
3
4521260803432448
-4521260803432449
6
2
11510512353280
-11510512353281
4
7
1125951581194240
-1125951581194241
2
5
508559360
-508559361
5
2
4521261338206208
-4521261338206209
7
4
15839839387648
-15839839387649
2
3
1130349493487616
-1130349493487617
6
7
376438784
-376438785
7
6
4521192620826624
-4521192620826625
3
2
15839839387648
-15839839387649
5
3
1130349493487616
-1130349493487617
6
4
376438784
-376438785
4
6
4521192620826624
-4521192620826625
3
5
15805479649280
-15805479649281
5
3
1130315133749248
-1130315133749249
6
4
108003328
-108003329
4
6
4521192352391168
-4521192352391169
3
5
4547854970388480
-4547854970388481
6
4
17213687808
-17213687809
5
3
34867200
-34867201
3
5
4539059414237184
-4539059414237185
4
6
8831193055232
-8831193055233
7
4
17712448274432
-17712448274433
5
2
4621654294528
-4621654294529
2
5
13195079581696
-13195079581697
4
7
9208947277824
-9208947277825
2
3
154620397568
-154620397569
6
7
17609467625472
-17609467625473
7
6
4529988510416896
-4529988510416897
3
2
9208947277824
-9208947277825
2
5
154620397568
-154620397569
4
7
17609467625472
-17609467625473
7
4
4529988510416896
-4529988510416897
5
2
9208947277824
-9208947277825
4
6
154620397568
-154620397569
3
5
17609467625472
-17609467625473
5
3
4529988510416896
-4529988510416897
6
4
9277666754560
-9277666754561
4
6
154754615296
-154754615297
3
5
17609601843200
-17609601843201
5
3
4530057229893632
-4530057229893633
6
4
9277666754560
-9277666754561
6
4
154754615296
-154754615297
5
3
17609601843200
-17609601843201
3
5
4530057229893632
-4530057229893633
4
6
9312025968640
-9312025968641
6
3
51675400192
-51675400193
6
3
17684234240
-17684234241
3
6
4530057431220224
-4530057431220225
3
6
8830956601344
-8830956601345
3
4
4521449779888128
-4521449779888129
5
6
18107851603968
-18107851603969
6
5
35366897664
-35366897665
4
3
8796900950016
-8796900950017
2
3
154890403840
-154890403841
6
7
22041773211648
-22041773211649
7
6
13229103251456
-13229103251457
3
2
8796900950016
-8796900950017
2
4
154890403840
-154890403841
5
7
22041773211648
-22041773211649
7
5
13229103251456
-13229103251457
4
2
8830455382016
-8830455382017
4
2
188980658176
-188980658177
7
5
21990502039552
-21990502039553
5
7
4398918926336
-4398918926337
2
4
8830455382016
-8830455382017
6
2
188980658176
-188980658177
7
3
21990502039552
-21990502039553
3
7
4398918926336
-4398918926337
2
6
8830991728640
-8830991728641
4
2
51542753280
-51542753281
7
5
4415495864320
-4415495864321
5
7
13194944839680
-13194944839681
2
4
8830991728640
-8830991728641
5
7
51542753280
-51542753281
2
4
4415495864320
-4415495864321
4
2
13194944839680
-13194944839681
7
5
79336636416000
-79336636416001
3
4
188979086336
-188979086337
5
6
17592522768384
-17592522768385
6
5
9024792313200640
-9024792313200641
4
3
8831929679872
-8831929679873
3
4
257966477312
-257966477313
5
6
17704124678144
-17704124678145
6
5
2251835180056576
-2251835180056577
4
3
34494873600
-34494873601
5
2
9042624144998400
-9042624144998401
7
4
123214290223104
-123214290223105
4
7
470025216
-470025217
2
5
8796228157440
-8796228157441
3
7
9042606965129216
-9042606965129217
2
6
123214022836224
-123214022836225
6
2
738460672
-738460673
7
3
8831193055232
-8831193055233
7
4
17712448274432
-17712448274433
5
2
4621654294528
-4621654294529
2
5
13195079581696
-13195079581697
4
7
8882126585856
-8882126585857
5
2
8882126585856
-8882126585857
7
4
69391613952
-69391613953
4
7
69391613952
-69391613953
2
5
8839580090368
-8839580090369
6
3
2251988793294848
-2251988793294849
6
3
17610709139456
-17610709139457
3
6
8796965441536
-8796965441537
3
6
8805220352000
-8805220352001
6
7
2251954433556480
-2251954433556481
2
3
17610440704000
-17610440704001
3
2
8796697006080
-8796697006081
7
6
9208947277824
-9208947277825
2
3
154620397568
-154620397569
6
7
17609467625472
-17609467625473
7
6
4529988510416896
-4529988510416897
3
2
9208947277824
-9208947277825
2
5
154620397568
-154620397569
4
7
17609467625472
-17609467625473
7
4
4529988510416896
-4529988510416897
5
2
9208947277824
-9208947277825
4
6
154620397568
-154620397569
3
5
17609467625472
-17609467625473
5
3
4529988510416896
-4529988510416897
6
4
9277666754560
-9277666754561
4
6
154754615296
-154754615297
3
5
17609601843200
-17609601843201
5
3
4530057229893632
-4530057229893633
6
4
9277666754560
-9277666754561
6
4
154754615296
-154754615297
5
3
17609601843200
-17609601843201
3
5
4530057229893632
-4530057229893633
4
6
9312025968640
-9312025968641
6
3
51675400192
-51675400193
6
3
17684234240
-17684234241
3
6
4530057431220224
-4530057431220225
3
6
8830956601344
-8830956601345
3
4
4521449779888128
-4521449779888129
5
6
18107851603968
-18107851603969
6
5
35366897664
-35366897665
4
3
8796900950016
-8796900950017
2
3
154890403840
-154890403841
6
7
22041773211648
-22041773211649
7
6
13229103251456
-13229103251457
3
2
8796900950016
-8796900950017
2
4
154890403840
-154890403841
5
7
22041773211648
-22041773211649
7
5
13229103251456
-13229103251457
4
2
8830455382016
-8830455382017
4
2
188980658176
-188980658177
7
5
21990502039552
-21990502039553
5
7
4398918926336
-4398918926337
2
4
8830455382016
-8830455382017
6
2
188980658176
-188980658177
7
3
21990502039552
-21990502039553
3
7
4398918926336
-4398918926337
2
6
8830991728640
-8830991728641
4
2
51542753280
-51542753281
7
5
4415495864320
-4415495864321
5
7
13194944839680
-13194944839681
2
4
8830991728640
-8830991728641
5
7
51542753280
-51542753281
2
4
4415495864320
-4415495864321
4
2
13194944839680
-13194944839681
7
5
61710626979840
-61710626979841
4
6
17248813056
-17248813057
3
5
17248813056
-17248813057
5
3
61710626979840
-61710626979841
6
4
537788416
-537788417
4
7
9042521066831872
-9042521066831873
2
5
123162482180096
-123162482180097
5
2
8796160394240
-8796160394241
7
4
8796630286336
-8796630286337
3
3
9042400807747584
-9042400807747585
6
6
105570297184256
-105570297184257
6
6
8796630156288
-8796630156289
3
3
8796630286336
-8796630286337
4
6
9042400807747584
-9042400807747585
3
5
105570297184256
-105570297184257
5
3
8796630156288
-8796630156289
6
4
8796630286336
-8796630286337
6
4
9042400807747584
-9042400807747585
5
3
105570297184256
-105570297184257
3
5
8796630156288
-8796630156289
4
6
8796630024192
-8796630024193
6
4
9007216435658752
-9007216435658753
5
3
70385925095424
-70385925095425
3
5
8796629894144
-8796629894145
4
6
8848170024960
-8848170024961
6
4
8985072631808
-8985072631809
5
3
17610172268544
-17610172268545
3
5
8796966486016
-8796966486017
4
6
8805220352000
-8805220352001
6
7
2251954433556480
-2251954433556481
2
3
17610440704000
-17610440704001
3
2
8796697006080
-8796697006081
7
6
8805286936576
-8805286936577
3
6
2269409180647424
-2269409180647425
3
6
155693613056
-155693613057
6
3
8796630421504
-8796630421505
6
3
8805220352000
-8805220352001
6
8
2251954433556480
-2251954433556481
1
3
17610440704000
-17610440704001
3
1
8796697006080
-8796697006081
8
6
8797066625024
-8797066625025
3
4
4503823235153920
-4503823235153921
5
6
17987324084224
-17987324084225
6
5
8831190960128
-8831190960129
4
3
8797133733888
-8797133733889
6
7
4521415421198336
-4521415421198337
2
3
18124763037696
-18124763037697
3
2
8831191484416
-8831191484417
7
6
8814246494208
-8814246494209
3
4
4512619328176128
-4512619328176129
5
6
17987860955136
-17987860955137
6
5
8831192008704
-8831192008705
4
3
8814246494208
-8814246494209
3
6
4512619328176128
-4512619328176129
3
6
17987860955136
-17987860955137
6
3
8831192008704
-8831192008705
6
3
8814246494208
-8814246494209
7
6
4512619328176128
-4512619328176129
3
2
17987860955136
-17987860955137
2
3
8831192008704
-8831192008705
6
7
8796630286336
-8796630286337
3
6
9042400807747584
-9042400807747585
3
6
105570297184256
-105570297184257
6
3
8796630156288
-8796630156289
6
3
8796630286336
-8796630286337
6
4
9042400807747584
-9042400807747585
5
3
105570297184256
-105570297184257
3
5
8796630156288
-8796630156289
4
6
8796630024192
-8796630024193
3
3
9007216435658752
-9007216435658753
6
6
70385925095424
-70385925095425
6
6
8796629894144
-8796629894145
3
3
8796630024192
-8796630024193
3
4
9007216435658752
-9007216435658753
5
6
70385925095424
-70385925095425
6
5
8796629894144
-8796629894145
4
3
8796630024192
-8796630024193
5
7
9007216435658752
-9007216435658753
2
4
70385925095424
-70385925095425
4
2
8796629894144
-8796629894145
7
5
8796630024192
-8796630024193
6
4
9007216435658752
-9007216435658753
5
3
70385925095424
-70385925095425
3
5
8796629894144
-8796629894145
4
6
8796630024192
-8796630024193
7
5
9007216435658752
-9007216435658753
4
2
70385925095424
-70385925095425
2
4
8796629894144
-8796629894145
5
7
8796630024192
-8796630024193
8
5
9007216435658752
-9007216435658753
4
1
70385925095424
-70385925095425
1
4
8796629894144
-8796629894145
5
8
44187160412160
-44187160412161
4
6
17315921920
-17315921921
3
5
17382506496
-17382506497
5
3
61641907503104
-61641907503105
6
4
8796631990272
-8796631990273
3
3
17183014912
-17183014913
6
6
4415227428864
-4415227428865
6
6
13194676404224
-13194676404225
3
3
8796631990272
-8796631990273
5
7
17183014912
-17183014913
2
4
4415227428864
-4415227428865
4
2
13194676404224
-13194676404225
7
5
8899174334464
-8899174334465
3
3
51675922432
-51675922433
6
6
4398450212864
-4398450212865
6
6
4467571294208
-4467571294209
3
3
8830587502592
-8830587502593
3
2
257698037760
-257698037761
7
6
17661175005184
-17661175005185
6
7
1006632960
-1006632961
2
3
35391537156096
-35391537156097
3
4
17662383751168
-17662383751169
5
6
2252057713311744
-2252057713311745
6
5
61684455047168
-61684455047169
4
3
35391537156096
-35391537156097
7
3
17662383751168
-17662383751169
6
2
2252057713311744
-2252057713311745
2
6
61684455047168
-61684455047169
3
7
35391537156096
-35391537156097
7
5
17662383751168
-17662383751169
4
2
2252057713311744
-2252057713311745
2
4
61684455047168
-61684455047169
5
7
35390665003008
-35390665003009
4
6
35254300311552
-35254300311553
3
5
2287053106839552
-2287053106839553
5
3
52854002024448
-52854002024449
6
4
35390665003008
-35390665003009
5
6
35254300311552
-35254300311553
3
4
2287053106839552
-2287053106839553
4
3
52854002024448
-52854002024449
6
5
35391067656192
-35391067656193
7
5
35185581883392
-35185581883393
4
2
2287001567232000
-2287001567232001
2
4
61649960828928
-61649960828929
5
7
35322350022656
-35322350022657
7
5
1081868288
-1081868289
4
2
3382115014279168
-3382115014279169
2
4
68178310856704
-68178310856705
5
7
