9042522005307392
-9042522005307393
4
2
68989878272
-68989878273
7
5
120326456320
-120326456321
5
7
131975889289216
-131975889289217
2
4
9037550714880
-9037550714881
3
6
120663310336
-120663310337
3
6
120729894912
-120729894913
6
3
26492297805824
-26492297805825
6
3
9037550714880
-9037550714881
5
2
120663310336
-120663310337
7
4
120729894912
-120729894913
4
7
26492297805824
-26492297805825
2
5
9037550714880
-9037550714881
6
4
120663310336
-120663310337
5
3
120729894912
-120729894913
3
5
26492297805824
-26492297805825
4
6
4570784727040
-4570784727041
4
2
4501395734528
-4501395734529
7
5
120596725760
-120596725761
5
7
26423043555328
-26423043555329
2
4
4570784727040
-4570784727041
4
6
4501395734528
-4501395734529
3
5
120596725760
-120596725761
5
3
26423043555328
-26423043555329
6
4
4570784727040
-4570784727041
5
2
4501395734528
-4501395734529
7
4
120596725760
-120596725761
4
7
26423043555328
-26423043555329
2
5
4570784727040
-4570784727041
6
3
4501395734528
-4501395734529
6
3
120596725760
-120596725761
3
6
26423043555328
-26423043555329
3
6
258637561856
-258637561857
5
2
8899576463360
-8899576463361
7
4
121265717248
-121265717249
4
7
26491761983488
-26491761983489
2
5
258637561856
-258637561857
6
3
8899576463360
-8899576463361
6
3
121265717248
-121265717249
3
6
26491761983488
-26491761983489
3
6
4556445844504576
-4556445844504577
2
3
69224103936
-69224103937
6
7
120394090496
-120394090497
7
6
44495995404288
-44495995404289
3
2
4556445844504576
-4556445844504577
2
5
69224103936
-69224103937
4
7
120394090496
-120394090497
7
4
44495995404288
-44495995404289
5
2
4556445844504576
-4556445844504577
6
4
69224103936
-69224103937
5
3
120394090496
-120394090497
3
5
44495995404288
-44495995404289
4
6
105691494744064
-105691494744065
2
4
68989748224
-68989748225
5
7
120326586368
-120326586369
7
5
9068806399852544
-9068806399852545
4
2
105691494744064
-105691494744065
3
1
68989748224
-68989748225
8
6
120326586368
-120326586369
6
8
9068806399852544
-9068806399852545
1
3
105691494744064
-105691494744065
5
2
68989748224
-68989748225
7
4
120326586368
-120326586369
4
7
9068806399852544
-9068806399852545
2
5
61676669894656
-61676669894657
2
3
120730157056
-120730157057
6
7
120663572480
-120663572481
7
6
44221922803712
-44221922803713
3
2
61676669894656
-61676669894657
2
4
120730157056
-120730157057
5
7
120663572480
-120663572481
7
5
44221922803712
-44221922803713
4
2
61676669894656
-61676669894657
2
5
120730157056
-120730157057
4
7
120663572480
-120663572481
7
4
44221922803712
-44221922803713
5
2
61676669894656
-61676669894657
4
6
120730157056
-120730157057
3
5
120663572480
-120663572481
5
3
44221922803712
-44221922803713
6
4
61676669894656
-61676669894657
6
3
120730157056
-120730157057
6
3
120663572480
-120663572481
3
6
44221922803712
-44221922803713
3
6
61676669894656
-61676669894657
6
4
120730157056
-120730157057
5
3
120663572480
-120663572481
3
5
44221922803712
-44221922803713
4
6
61676669894656
-61676669894657
6
5
120730157056
-120730157057
4
3
120663572480
-120663572481
3
4
44221922803712
-44221922803713
5
6
4556445844504576
-4556445844504577
2
3
69224103936
-69224103937
6
7
120394090496
-120394090497
7
6
44495995404288
-44495995404289
3
2
61744852500480
-61744852500481
6
4
120595415040
-120595415041
5
3
103416594432
-103416594433
3
5
52949296349184
-52949296349185
4
6
35442741215232
-35442741215233
2
3
8899308290048
-8899308290049
6
7
86906241024
-86906241025
7
6
61641774333952
-61641774333953
3
2
35442741215232
-35442741215233
3
6
8899308290048
-8899308290049
3
6
86906241024
-86906241025
6
3
61641774333952
-61641774333953
6
3
35442741215232
-35442741215233
5
2
8899308290048
-8899308290049
7
4
86906241024
-86906241025
4
7
61641774333952
-61641774333953
2
5
35442741215232
-35442741215233
5
6
8899308290048
-8899308290049
3
4
86906241024
-86906241025
4
3
61641774333952
-61641774333953
6
5
2304714481860608
-2304714481860609
3
2
77378355200
-77378355201
7
6
85967245312
-85967245313
6
7
61711298068480
-61711298068481
2
3
2304714481860608
-2304714481860609
5
2
77378355200
-77378355201
7
4
85967245312
-85967245313
4
7
61711298068480
-61711298068481
2
5
61813840412672
-61813840412673
2
4
120462245888
-120462245889
5
7
86370942976
-86370942977
7
5
61779749109760
-61779749109761
4
2
61813840412672
-61813840412673
3
2
120462245888
-120462245889
7
6
86370942976
-86370942977
6
7
61779749109760
-61779749109761
2
3
61813840412672
-61813840412673
3
6
120462245888
-120462245889
3
6
86370942976
-86370942977
6
3
61779749109760
-61779749109761
6
3
61813840412672
-61813840412673
4
2
120462245888
-120462245889
7
5
86370942976
-86370942977
5
7
61779749109760
-61779749109761
2
4
61813840412672
-61813840412673
4
6
120462245888
-120462245889
3
5
86370942976
-86370942977
5
3
61779749109760
-61779749109761
6
4
61813840412672
-61813840412673
5
2
120462245888
-120462245889
7
4
86370942976
-86370942977
4
7
61779749109760
-61779749109761
2
5
61813840412672
-61813840412673
5
6
120462245888
-120462245889
3
4
86370942976
-86370942977
4
3
61779749109760
-61779749109761
6
5
35442741215232
-35442741215233
3
2
8899308290048
-8899308290049
7
6
86906241024
-86906241025
6
7
61641774333952
-61641774333953
2
3
35442741215232
-35442741215233
3
6
8899308290048
-8899308290049
3
6
86906241024
-86906241025
6
3
61641774333952
-61641774333953
6
3
35442741215232
-35442741215233
4
2
8899308290048
-8899308290049
7
5
86906241024
-86906241025
5
7
61641774333952
-61641774333953
2
4
35442741215232
-35442741215233
5
6
8899308290048
-8899308290049
3
4
86906241024
-86906241025
4
3
61641774333952
-61641774333953
6
5
35322751090688
-35322751090689
6
2
206428700672
-206428700673
7
3
17712512499712
-17712512499713
3
7
61607212220416
-61607212220417
2
6
35322751090688
-35322751090689
6
3
206428700672
-206428700673
6
3
17712512499712
-17712512499713
3
6
61607212220416
-61607212220417
3
6
61779614892032
-61779614892033
6
3
17651466240
-17651466241
6
3
51742769152
-51742769153
3
6
61813706194944
-61813706194945
3
6
2304714616078336
-2304714616078337
6
3
8927313920
-8927313921
6
3
51607506944
-51607506945
3
6
61745523589120
-61745523589121
3
6
2304714616078336
-2304714616078337
6
4
8927313920
-8927313921
5
3
51607506944
-51607506945
3
5
61745523589120
-61745523589121
4
6
61779614892032
-61779614892033
6
3
17651466240
-17651466241
6
3
51742769152
-51742769153
3
6
61813706194944
-61813706194945
3
6
2304988688678912
-2304988688678913
2
4
8657831936
-8657831937
5
7
101453824
-101453825
7
5
4556514698199040
-4556514698199041
4
2
61984968015872
-61984968015873
2
4
17247766528
-17247766529
5
7
102498304
-102498305
7
5
4556514161328128
-4556514161328129
4
2
35665945296896
-35665945296897
4
1
136054784
-136054785
8
5
17415012352
-17415012353
5
8
4565240998002688
-4565240998002689
1
4
2304988688678912
-2304988688678913
4
1
8657831936
-8657831937
8
5
101453824
-101453825
5
8
4556514698199040
-4556514698199041
1
4
61984968015872
-61984968015873
2
5
17247766528
-17247766529
4
7
102498304
-102498305
7
4
4556514161328128
-4556514161328129
5
2
35665542905856
-35665542905857
5
6
35253226571776
-35253226571777
3
4
35253326708736
-35253326708737
4
3
4556445039460352
-4556445039460353
6
5
35322347913216
-35322347913217
6
4
1835008
-1835009
5
3
17247240192
-17247240193
3
5
61572651155456
-61572651155457
4
6
2304714347642880
-2304714347642881
6
2
8658878464
-8658878465
7
3
17247768576
-17247768577
3
7
61711163850752
-61711163850753
2
6
61779346456576
-61779346456577
2
4
17383030784
-17383030785
5
7
17383030784
-17383030785
7
5
61779346456576
-61779346456577
4
2
35322750566400
-35322750566401
4
2
68989747200
-68989747201
7
5
120326455296
-120326455297
5
7
61607145111552
-61607145111553
2
4
70575842131968
-70575842131969
6
5
69123703808
-69123703809
4
3
120460541952
-120460541953
3
4
9033690747240448
-9033690747240449
5
6
481975861248
-481975861249
6
5
69123704832
-69123704833
4
3
120493965312
-120493965313
3
4
4530091119869952
-4530091119869953
5
6
8866825764864
-8866825764865
6
4
86303051776
-86303051777
5
3
128984285184
-128984285185
3
5
2260699657011200
-2260699657011201
4
6
8865216200704
-8865216200705
5
6
86838870016
-86838870017
3
4
8899307503616
-8899307503617
4
3
120930172928
-120930172929
6
5
13298024054784
-13298024054785
3
4
4449989820416
-4449989820417
5
6
51945406464
-51945406465
6
5
8899979640832
-8899979640833
4
3
13298024054784
-13298024054785
6
3
4449989820416
-4449989820417
6
3
51945406464
-51945406465
3
6
8899979640832
-8899979640833
3
6
13298024054784
-13298024054785
6
5
4449989820416
-4449989820417
4
3
51945406464
-51945406465
3
4
8899979640832
-8899979640833
5
6
8865819131904
-8865819131905
3
4
17678489092096
-17678489092097
5
6
257833304064
-257833304065
6
5
8899843850240
-8899843850241
4
3
8865618853888
-8865618853889
5
2
18120441856
-18120441857
7
4
8847767896064
-8847767896065
4
7
8916888977408
-8916888977409
2
5
9312025968640
-9312025968641
3
6
51675400192
-51675400193
3
6
17684234240
-17684234241
6
3
4530057431220224
-4530057431220225
6
3
9312025968640
-9312025968641
6
3
51675400192
-51675400193
6
3
17684234240
-17684234241
3
6
4530057431220224
-4530057431220225
3
6
15874199126016
-15874199126017
3
3
1130315267966976
-1130315267966977
6
6
242221056
-242221057
6
6
4521261071867904
-4521261071867905
3
3
15874199126016
-15874199126017
3
4
1130315267966976
-1130315267966977
5
6
242221056
-242221057
6
5
4521261071867904
-4521261071867905
4
3
15874199126016
-15874199126017
4
1
1130315267966976
-1130315267966977
8
5
242221056
-242221057
5
8
4521261071867904
-4521261071867905
1
4
9328668966912
-9328668966913
2
5
8847767373824
-8847767373825
4
7
1041235968
-1041235969
7
4
4521261339246592
-4521261339246593
5
2
9328668966912
-9328668966913
3
3
8847767373824
-8847767373825
6
6
1041235968
-1041235969
6
6
4521261339246592
-4521261339246593
3
3
9328668966912
-9328668966913
3
4
8847767373824
-8847767373825
5
6
1041235968
-1041235969
6
5
4521261339246592
-4521261339246593
4
3
9328668966912
-9328668966913
3
7
8847767373824
-8847767373825
2
6
1041235968
-1041235969
6
2
4521261339246592
-4521261339246593
7
3
8831124373504
-8831124373505
3
4
257699086336
-257699086337
5
6
17678354874368
-17678354874369
6
5
8797099655168
-8797099655169
4
3
8831124373504
-8831124373505
3
6
257699086336
-257699086337
3
6
17678354874368
-17678354874369
6
3
8797099655168
-8797099655169
6
3
8831124373504
-8831124373505
6
6
257699086336
-257699086337
3
3
17678354874368
-17678354874369
3
3
8797099655168
-8797099655169
6
6
8865752547328
-8865752547329
6
4
223742001152
-223742001153
5
3
17712580395008
-17712580395009
3
5
8899910434816
-8899910434817
4
6
8796328427520
-8796328427521
3
6
4521415151714304
-4521415151714305
3
6
18073223430144
-18073223430145
6
3
738723840
-738723841
6
3
8865752547328
-8865752547329
2
5
223742001152
-223742001153
4
7
17712580395008
-17712580395009
7
4
8899910434816
-8899910434817
5
2
8865752547328
-8865752547329
6
4
223742001152
-223742001153
5
3
17712580395008
-17712580395009
3
5
8899910434816
-8899910434817
4
6
8813508296704
-8813508296705
2
5
4530211244736512
-4530211244736513
4
7
18073760301056
-18073760301057
7
4
739772416
-739772417
5
2
8839110328320
-8839110328321
5
7
2269580978290688
-2269580978290689
2
4
17730968223744
-17730968223745
4
2
872943616
-872943617
7
5
8899709632512
-8899709632513
3
3
189113827328
-189113827329
6
6
17609769615360
-17609769615361
6
6
8865684914176
-8865684914177
3
3
8899709632512
-8899709632513
3
4
189113827328
-189113827329
5
6
17609769615360
-17609769615361
6
5
8865684914176
-8865684914177
4
3
8899709632512
-8899709632513
3
6
189113827328
-189113827329
3
6
17609769615360
-17609769615361
6
3
8865684914176
-8865684914177
6
3
8899709632512
-8899709632513
4
6
189113827328
-189113827329
3
5
17609769615360
-17609769615361
5
3
8865684914176
-8865684914177
6
4
8899709632512
-8899709632513
6
4
189113827328
-189113827329
5
3
17609769615360
-17609769615361
3
5
8865684914176
-8865684914177
4
6
1006764032
-1006764033
6
3
9024860429746176
-9024860429746177
6
3
70626442215424
-70626442215425
3
6
8830587503616
-8830587503617
3
6
1006764032
-1006764033
6
4
9024860429746176
-9024860429746177
5
3
70626442215424
-70626442215425
3
5
8830587503616
-8830587503617
4
6
1006764032
-1006764033
6
6
9024860429746176
-9024860429746177
3
3
70626442215424
-70626442215425
3
3
8830587503616
-8830587503617
6
6
35366502400
-35366502401
4
6
9024894789484544
-9024894789484545
3
5
70626710650880
-70626710650881
5
3
8830855939072
-8830855939073
6
4
35366502400
-35366502401
6
6
9024894789484544
-9024894789484545
3
3
70626710650880
-70626710650881
3
3
8830855939072
-8830855939073
6
6
26422706044928
-26422706044929
2
4
9024843047501824
-9024843047501825
5
7
70506453139456
-70506453139457
7
5
138244785152
-138244785153
4
2
26422706044928
-26422706044929
2
6
9024843047501824
-9024843047501825
3
7
70506453139456
-70506453139457
7
3
138244785152
-138244785153
6
2
26422706044928
-26422706044929
4
6
9024843047501824
-9024843047501825
3
5
70506453139456
-70506453139457
5
3
138244785152
-138244785153
6
4
8899709239296
-8899709239297
3
3
9007250929614848
-9007250929614849
6
6
70386327748608
-70386327748609
6
6
8865617806336
-8865617806337
3
3
8899709239296
-8899709239297
3
4
9007250929614848
-9007250929614849
5
6
70386327748608
-70386327748609
6
5
8865617806336
-8865617806337
4
3
8899709239296
-8899709239297
4
6
9007250929614848
-9007250929614849
3
5
70386327748608
-70386327748609
5
3
8865617806336
-8865617806337
6
4
9174184886272
-9174184886273
5
6
257832257536
-257832257537
3
4
17661342777344
-17661342777345
4
3
4503669353480192
-4503669353480193
6
5
9243172798464
-9243172798465
6
4
257966999552
-257966999553
5
3
17695635406848
-17695635406849
3
5
4521227179786240
-4521227179786241
4
6
9328668966912
-9328668966913
2
5
8847767373824
-8847767373825
4
7
1041235968
-1041235969
7
4
4521261339246592
-4521261339246593
5
2
9328668966912
-9328668966913
3
4
8847767373824
-8847767373825
5
6
1041235968
-1041235969
6
5
4521261339246592
-4521261339246593
4
3
9328668966912
-9328668966913
3
7
8847767373824
-8847767373825
2
6
1041235968
-1041235969
6
2
4521261339246592
-4521261339246593
7
3
9328668966912
-9328668966913
5
6
8847767373824
-8847767373825
3
4
1041235968
-1041235969
4
3
4521261339246592
-4521261339246593
6
5
9312025968640
-9312025968641
6
3
51675400192
-51675400193
6
3
17684234240
-17684234241
3
6
4530057431220224
-4530057431220225
3
6
8831260164096
-8831260164097
6
5
51811188736
-51811188737
4
3
4449855602688
-4449855602689
3
4
13229304578048
-13229304578049
5
6
8831124373504
-8831124373505
5
6
257699086336
-257699086337
3
4
17678354874368
-17678354874369
4
3
8797099655168
-8797099655169
6
5
8831124373504
-8831124373505
6
3
257699086336
-257699086337
6
3
17678354874368
-17678354874369
3
6
8797099655168
-8797099655169
3
6
8899711205376
-8899711205377
3
3
51676971008
-51676971009
6
6
4415630082048
-4415630082049
6
6
13263664316416
-13263664316417
3
3
8865752547328
-8865752547329
6
4
223742001152
-223742001153
5
3
17712580395008
-17712580395009
3
5
8899910434816
-8899910434817
4
6
8839110328320
-8839110328321
5
7
2269580978290688
-2269580978290689
2
4
17730968223744
-17730968223745
4
2
872943616
-872943617
7
5
8899709632512
-8899709632513
3
3
189113827328
-189113827329
6
6
17609769615360
-17609769615361
6
6
8865684914176
-8865684914177
3
3
8899709632512
-8899709632513
3
4
189113827328
-189113827329
5
6
17609769615360
-17609769615361
6
5
8865684914176
-8865684914177
4
3
8899709632512
-8899709632513
3
6
189113827328
-189113827329
3
6
17609769615360
-17609769615361
6
3
8865684914176
-8865684914177
6
3
8899709632512
-8899709632513
4
6
189113827328
-189113827329
3
5
17609769615360
-17609769615361
5
3
8865684914176
-8865684914177
6
4
8899709632512
-8899709632513
6
4
189113827328
-189113827329
5
3
17609769615360
-17609769615361
3
5
8865684914176
-8865684914177
4
6
9311489097728
-9311489097729
3
3
51674351616
-51674351617
6
6
504365056
-504365057
6
6
4521261338198016
-4521261338198017
3
3
35391537152000
-35391537152001
6
3
17661310009344
-17661310009345
6
3
257899626496
-257899626497
3
6
61675865112576
-61675865112577
3
6
35391336878080
-35391336878081
6
3
2015100928
-2015100929
6
3
2260647647903744
-2260647647903745
3
6
61701500174336
-61701500174337
3
6
