9042384566353920
-9042384566353921
5
1
68989353984
-68989353985
8
4
120259347456
-120259347457
4
8
114383703244800
-114383703244801
1
5
241457692672
-241457692673
2
4
103483441152
-103483441153
5
7
120728846336
-120728846337
7
5
26491760934912
-26491760934913
4
2
241457692672
-241457692673
2
6
103483441152
-103483441153
3
7
120728846336
-120728846337
7
3
26491760934912
-26491760934913
6
2
8900111761408
-8900111761409
2
3
120662786048
-120662786049
6
7
120662786048
-120662786049
7
6
8900111761408
-8900111761409
3
2
8900111761408
-8900111761409
2
4
120662786048
-120662786049
5
7
120662786048
-120662786049
7
5
8900111761408
-8900111761409
4
2
8968562802688
-8968562802689
2
5
120260657152
-120260657153
4
7
86235938816
-86235938817
7
4
26389218590720
-26389218590721
5
2
8968562802688
-8968562802689
6
3
120260657152
-120260657153
6
3
86235938816
-86235938817
3
6
26389218590720
-26389218590721
3
6
8968562802688
-8968562802689
6
5
120260657152
-120260657153
4
3
86235938816
-86235938817
3
4
26389218590720
-26389218590721
5
6
4433345773568
-4433345773569
3
5
4501395210240
-4501395210241
4
6
120529616896
-120529616897
6
4
8830857510912
-8830857510913
5
3
4433345773568
-4433345773569
4
1
4501395210240
-4501395210241
8
5
120529616896
-120529616897
5
8
8830857510912
-8830857510913
1
4
4536424988672
-4536424988673
2
3
4467035996160
-4467035996161
6
7
120328290304
-120328290305
7
6
26422775119872
-26422775119873
3
2
4536424988672
-4536424988673
3
5
4467035996160
-4467035996161
4
6
120328290304
-120328290305
6
4
26422775119872
-26422775119873
5
3
4536424988672
-4536424988673
5
6
4467035996160
-4467035996161
3
4
120328290304
-120328290305
4
3
26422775119872
-26422775119873
6
5
4433345773568
-4433345773569
3
5
4501395210240
-4501395210241
4
6
120529616896
-120529616897
6
4
8830857510912
-8830857510913
5
3
4433345773568
-4433345773569
4
2
4501395210240
-4501395210241
7
5
120529616896
-120529616897
5
7
8830857510912
-8830857510913
2
4
4432808902656
-4432808902657
2
4
4501394161664
-4501394161665
5
7
103349747712
-103349747713
7
5
34764488704
-34764488705
4
2
4432808902656
-4432808902657
4
2
4501394161664
-4501394161665
7
5
103349747712
-103349747713
5
7
34764488704
-34764488705
2
4
121198608384
-121198608385
4
2
8899575939072
-8899575939073
7
5
121198608384
-121198608385
5
7
8899575939072
-8899575939073
2
4
120661737472
-120661737473
2
4
8899574890496
-8899574890497
5
7
104018739200
-104018739201
7
5
103482916864
-103482916865
4
2
120661737472
-120661737473
4
2
8899574890496
-8899574890497
7
5
104018739200
-104018739201
5
7
103482916864
-103482916865
2
4
4503669286371328
-4503669286371329
3
2
69156732928
-69156732929
7
6
120393304064
-120393304065
6
7
9174184361984
-9174184361985
2
3
4503669286371328
-4503669286371329
3
5
69156732928
-69156732929
4
6
120393304064
-120393304065
6
4
9174184361984
-9174184361985
5
3
4503669286371328
-4503669286371329
4
1
69156732928
-69156732929
8
5
120393304064
-120393304065
5
8
9174184361984
-9174184361985
1
4
4503669286371328
-4503669286371329
4
6
69156732928
-69156732929
3
5
120393304064
-120393304065
5
3
9174184361984
-9174184361985
6
4
4538853658460160
-4538853658460161
3
2
69156995072
-69156995073
7
6
120393566208
-120393566209
6
7
44358556450816
-44358556450817
2
3
4538853658460160
-4538853658460161
3
5
69156995072
-69156995073
4
6
120393566208
-120393566209
6
4
44358556450816
-44358556450817
5
3
4556445307633664
-4556445307633665
3
2
69223055360
-69223055361
7
6
103214221312
-103214221313
6
7
35699902382080
-35699902382081
2
3
4556445307633664
-4556445307633665
3
5
69223055360
-69223055361
4
6
103214221312
-103214221313
6
4
35699902382080
-35699902382081
5
3
4556445307633664
-4556445307633665
5
2
69223055360
-69223055361
7
4
103214221312
-103214221313
4
7
35699902382080
-35699902382081
2
5
4556445307633664
-4556445307633665
6
2
69223055360
-69223055361
7
3
103214221312
-103214221313
3
7
35699902382080
-35699902382081
2
6
4556445307633664
-4556445307633665
6
3
69223055360
-69223055361
6
3
103214221312
-103214221313
3
6
35699902382080
-35699902382081
3
6
70507122655232
-70507122655233
3
1
68989486080
-68989486081
8
6
120326324224
-120326324225
6
8
9033622027763712
-9033622027763713
1
3
70507122655232
-70507122655233
3
5
68989486080
-68989486081
4
6
120326324224
-120326324225
6
4
9033622027763712
-9033622027763713
5
3
70507122655232
-70507122655233
4
1
68989486080
-68989486081
8
5
120326324224
-120326324225
5
8
9033622027763712
-9033622027763713
1
4
138378477568
-138378477569
3
6
68989485056
-68989485057
3
6
120326193152
-120326193153
6
3
26422773022720
-26422773022721
6
3
105554055790592
-105554055790593
2
4
68989223936
-68989223937
5
7
120259477504
-120259477505
7
5
9051214213808128
-9051214213808129
4
2
105554055790592
-105554055790593
3
1
68989223936
-68989223937
8
6
120259477504
-120259477505
6
8
9051214213808128
-9051214213808129
1
3
26492297805824
-26492297805825
3
1
120729894912
-120729894913
8
6
120663310336
-120663310337
6
8
9037550714880
-9037550714881
1
3
26492297805824
-26492297805825
5
2
120729894912
-120729894913
7
4
120663310336
-120663310337
4
7
9037550714880
-9037550714881
2
5
26492297805824
-26492297805825
2
3
120729894912
-120729894913
6
7
120663310336
-120663310337
7
6
9037550714880
-9037550714881
3
2
26492297805824
-26492297805825
3
2
120729894912
-120729894913
7
6
120663310336
-120663310337
6
7
9037550714880
-9037550714881
2
3
44084483850240
-44084483850241
2
4
120663048192
-120663048193
5
7
120663048192
-120663048193
7
5
44084483850240
-44084483850241
4
2
61573590679552
-61573590679553
3
6
86236200960
-86236200961
3
6
120260919296
-120260919297
6
3
44152934891520
-44152934891521
6
3
61573590679552
-61573590679553
5
2
86236200960
-86236200961
7
4
120260919296
-120260919297
4
7
44152934891520
-44152934891521
2
5
61573590679552
-61573590679553
5
6
86236200960
-86236200961
3
4
120260919296
-120260919297
4
3
44152934891520
-44152934891521
6
5
61676133023744
-61676133023745
3
2
120729108480
-120729108481
7
6
103483703296
-103483703297
6
7
35425829781504
-35425829781505
2
3
61676133023744
-61676133023745
3
2
120729108480
-120729108481
7
6
103483703296
-103483703297
6
7
35425829781504
-35425829781505
2
3
61676133023744
-61676133023745
5
2
120729108480
-120729108481
7
4
103483703296
-103483703297
4
7
35425829781504
-35425829781505
2
5
61676133023744
-61676133023745
6
3
120729108480
-120729108481
6
3
103483703296
-103483703297
3
6
35425829781504
-35425829781505
3
6
61676401459200
-61676401459201
6
4
120461721600
-120461721601
5
3
86303834112
-86303834113
3
5
44187563065344
-44187563065345
4
6
4503669286371328
-4503669286371329
4
2
69156732928
-69156732929
7
5
120393304064
-120393304065
5
7
9174184361984
-9174184361985
2
4
61744584065024
-61744584065025
5
2
120326979584
-120326979585
7
4
69056856064
-69056856065
4
7
52914936610816
-52914936610817
2
5
120393302016
-120393302017
5
2
8899306455040
-8899306455041
7
4
69659000832
-69659000833
4
7
69123178496
-69123178497
2
5
35408381476864
-35408381476865
2
4
8864948551680
-8864948551681
5
7
86637805568
-86637805569
7
5
61641505898496
-61641505898497
4
2
35408381476864
-35408381476865
2
5
8864948551680
-8864948551681
4
7
86637805568
-86637805569
7
4
61641505898496
-61641505898497
5
2
35408381476864
-35408381476865
6
4
8864948551680
-8864948551681
5
3
86637805568
-86637805569
3
5
61641505898496
-61641505898497
4
6
35304765390848
-35304765390849
3
5
8899306717184
-8899306717185
4
6
69659262976
-69659262977
6
4
35253495267328
-35253495267329
5
3
35408247259136
-35408247259137
3
5
8796229074944
-8796229074945
4
6
17918328832
-17918328833
6
4
61641371680768
-61641371680769
5
3
2304577042907136
-2304577042907137
5
2
77377830912
-77377830913
7
4
85900136448
-85900136449
4
7
44119112024064
-44119112024065
2
5
2304713944989696
-2304713944989697
6
3
77377306624
-77377306625
6
3
68787376128
-68787376129
3
6
52915205046272
-52915205046273
3
6
44152934891520
-44152934891521
2
5
120260919296
-120260919297
4
7
86236200960
-86236200961
7
4
61573590679552
-61573590679553
5
2
44152934891520
-44152934891521
6
3
120260919296
-120260919297
6
3
86236200960
-86236200961
3
6
61573590679552
-61573590679553
3
6
44152934891520
-44152934891521
6
5
120260919296
-120260919297
4
3
86236200960
-86236200961
3
4
61573590679552
-61573590679553
5
6
61676401459200
-61676401459201
4
2
120461721600
-120461721601
7
5
86303834112
-86303834113
5
7
44187563065344
-44187563065345
2
4
61676401459200
-61676401459201
5
2
120461721600
-120461721601
7
4
86303834112
-86303834113
4
7
44187563065344
-44187563065345
2
5
61779480674304
-61779480674305
4
6
86102507520
-86102507521
3
5
86102507520
-86102507521
5
3
61779480674304
-61779480674305
6
4
61813303541760
-61813303541761
6
5
120461197312
-120461197313
4
3
69191073792
-69191073793
3
4
52983656087552
-52983656087553
5
6
61813706194944
-61813706194945
6
3
51742769152
-51742769153
6
3
17651466240
-17651466241
3
6
61779614892032
-61779614892033
3
6
61813303541760
-61813303541761
6
1
120461197312
-120461197313
8
3
69191073792
-69191073793
3
8
52983656087552
-52983656087553
1
6
61813303541760
-61813303541761
6
5
120461197312
-120461197313
4
3
69191073792
-69191073793
3
4
52983656087552
-52983656087553
5
6
61813706194944
-61813706194945
6
3
51742769152
-51742769153
6
3
17651466240
-17651466241
3
6
61779614892032
-61779614892033
3
6
61813706194944
-61813706194945
7
4
51742769152
-51742769153
5
2
17651466240
-17651466241
2
5
61779614892032
-61779614892033
4
7
120930172928
-120930172929
6
3
8899307503616
-8899307503617
6
3
86838870016
-86838870017
3
6
8865216200704
-8865216200705
3
6
35408381476864
-35408381476865
3
5
8864948551680
-8864948551681
4
6
86637805568
-86637805569
6
4
61641505898496
-61641505898497
5
3
35442204344320
-35442204344321
3
5
8899307241472
-8899307241473
4
6
69726371840
-69726371841
6
4
52845681311744
-52845681311745
5
3
35442204344320
-35442204344321
6
2
8899307241472
-8899307241473
7
3
69726371840
-69726371841
3
7
52845681311744
-52845681311745
2
6
35442204344320
-35442204344321
6
3
8899307241472
-8899307241473
6
3
69726371840
-69726371841
3
6
52845681311744
-52845681311745
3
6
35408247259136
-35408247259137
2
4
8796229074944
-8796229074945
5
7
17918328832
-17918328833
7
5
61641371680768
-61641371680769
4
2
35408247259136
-35408247259137
2
5
8796229074944
-8796229074945
4
7
17918328832
-17918328833
7
4
61641371680768
-61641371680769
5
2
35408247259136
-35408247259137
3
5
8796229074944
-8796229074945
4
6
17918328832
-17918328833
6
4
61641371680768
-61641371680769
5
3
35408247259136
-35408247259137
6
5
8796229074944
-8796229074945
4
3
17918328832
-17918328833
3
4
61641371680768
-61641371680769
5
6
35322214219776
-35322214219777
6
3
206427652096
-206427652097
6
3
17695332630528
-17695332630529
3
6
52811119198208
-52811119198209
3
6
35322482655232
-35322482655233
4
6
206160265216
-206160265217
3
5
17678152761344
-17678152761345
5
3
61572852482048
-61572852482049
6
4
61779346456576
-61779346456577
4
6
17383030784
-17383030785
3
5
17383030784
-17383030785
5
3
61779346456576
-61779346456577
6
4
61779346456576
-61779346456577
6
4
17383030784
-17383030785
5
3
17383030784
-17383030785
3
5
61779346456576
-61779346456577
4
6
2304714347642880
-2304714347642881
3
5
8658878464
-8658878465
4
6
17247768576
-17247768577
6
4
61711163850752
-61711163850753
5
3
2304714347642880
-2304714347642881
3
5
8658878464
-8658878465
4
6
17247768576
-17247768577
6
4
61711163850752
-61711163850753
5
3
61779346456576
-61779346456577
4
6
17383030784
-17383030785
3
5
17383030784
-17383030785
5
3
61779346456576
-61779346456577
6
4
61779346456576
-61779346456577
5
6
17383030784
-17383030785
3
4
17383030784
-17383030785
4
3
61779346456576
-61779346456577
6
5
2287396502634496
-2287396502634497
2
3
8590723072
-8590723073
6
7
100929536
-100929537
7
6
4556377259245568
-4556377259245569
3
2
44392781971456
-44392781971457
5
3
17180657664
-17180657665
6
4
101974016
-101974017
4
6
4556376722374656
-4556376722374657
3
5
35184908959744
-35184908959745
3
5
1310720
-1310721
4
6
17180131328
-17180131329
6
4
43980465111040
-43980465111041
5
3
2304576371818496
-2304576371818497
5
2
8657305600
-8657305601
7
4
790528
-790529
4
7
35322884784128
-35322884784129
2
5
53188874993664
-53188874993665
3
6
67897344
-67897345
3
6
101449728
-101449729
6
3
4556513624457216
-4556513624457217
6
3
35665408688128
-35665408688129
3
5
35184507095040
-35184507095041
4
6
35184607232000
-35184607232001
6
4
4556444905242624
-4556444905242625
5
3
35321811042304
-35321811042305
6
3
786432
-786433
6
3
67371008
-67371009
3
6
52776558133248
-52776558133249
3
6
2304713810771968
-2304713810771969
6
3
8657829888
-8657829889
6
3
67899392
-67899393
3
6
52915070828544
-52915070828545
3
6
44118440935424
-44118440935425
1
3
17181704192
-17181704193
6
8
17248288768
-17248288769
8
6
61573188026368
-61573188026369
3
1
44118440935424
-44118440935425
2
5
17181704192
-17181704193
4
7
17248288768
-17248288769
7
4
61573188026368
-61573188026369
5
2
35185311612928
-35185311612929
3
2
68989222912
-68989222913
7
6
120259346432
-120259346433
6
7
44014959067136
-44014959067137
2
3
70575707914240
-70575707914241
2
5
404227072
-404227073
4
7
51741065216
-51741065217
7
4
9033690613022720
-9033690613022721
5
2
70575707914240
-70575707914241
5
6
404227072
-404227073
3
4
51741065216
-51741065217
4
3
9033690613022720
-9033690613022721
6
5
481841643520
-481841643521
5
6
404228096
-404228097
3
4
51774488576
-51774488577
4
3
4530090985652224
-4530090985652225
6
5
8866691547136
-8866691547137
3
4
17583575040
-17583575041
5
6
60264808448
-60264808449
6
5
2260699522793472
-2260699522793473
4
3
8864813547520
-8864813547521
6
5
17850957824
-17850957825
4
3
8796228288512
-8796228288513
3
4
86436216832
-86436216833
5
6
13229036142592
-13229036142593
2
3
4449587167232
-4449587167233
6
7
17451450368
-17451450369
7
6
8796900425728
-8796900425729
3
2
13229036142592
-13229036142593
3
3
4449587167232
-4449587167233
6
6
17451450368
-17451450369
6
6
8796900425728
-8796900425729
3
3
13297487183872
-13297487183873
3
2
4449988771840
-4449988771841
7
6
34765537280
-34765537281
6
7
103886618624
-103886618625
2
3
13297487183872
-13297487183873
4
2
4449988771840
-4449988771841
7
5
34765537280
-34765537281
5
7
103886618624
-103886618625
2
4
13297755619328
-13297755619329
3
3
4449721384960
-4449721384961
6
6
17585668096
-17585668097
6
6
8865619902464
-8865619902465
3
3
13297755619328
-13297755619329
4
2
4449721384960
-4449721384961
7
5
17585668096
-17585668097
5
7
8865619902464
-8865619902465
2
4
13297755619328
-13297755619329
6
3
4449721384960
-4449721384961
6
3
17585668096
-17585668097
3
6
8865619902464
-8865619902465
3
6
8796831219712
-8796831219713
3
6
17678086438912
-17678086438913
3
6
223339347968
-223339347969
6
3
8796764635136
-8796764635137
6
3
8864813547520
-8864813547521
4
2
17850957824
-17850957825
7
5
8796228288512
-8796228288513
5
7
86436216832
-86436216833
2
4
8864813547520
-8864813547521
6
2
17850957824
-17850957825
7
3
8796228288512
-8796228288513
3
7
86436216832
-86436216833
2
6
9277666230272
-9277666230273
6
4
17315661824
-17315661825
5
3
17415798784
-17415798785
3
5
4530057162784768
-4530057162784769
4
6
9174050144256
-9174050144257
6
5
51673827328
-51673827329
4
3
437256192
-437256193
3
4
4503669152153600
-4503669152153601
5
6
15805479649280
-15805479649281
2
3
1130315133749248
-1130315133749249
6
7
108003328
-108003329
7
6
4521192352391168
-4521192352391169
3
2
15805479649280
-15805479649281
3
3
1130315133749248
-1130315133749249
6
6
108003328
-108003329
6
6
4521192352391168
-4521192352391169
3
3
15393162788864
-15393162788865
6
5
1130315133222912
-1130315133222913
4
3
7340032
-7340033
3
4
538976256
-538976257
5
6
498216206336
-498216206337
2
6
8796227766272
-8796227766273
3
7
771751936
-771751937
7
3
4521260533940224
-4521260533940225
6
2
498216206336
-498216206337
6
5
8796227766272
-8796227766273
4
3
771751936
-771751937
3
4
4521260533940224
-4521260533940225
5
6
9259949490176
-9259949490177
5
3
8847633156096
-8847633156097
6
4
907018240
-907018241
4
6
4521192619769856
-4521192619769857
3
5
429496729600
-429496729601
6
6
8796093548544
-8796093548545
3
3
637534208
-637534209
3
3
4521191814463488
-4521191814463489
6
6
9311489097728
-9311489097729
4
7
51674351616
-51674351617
2
5
504365056
-504365057
5
2
4521261338198016
-4521261338198017
7
4
9311489097728
-9311489097729
6
3
51674351616
-51674351617
6
3
504365056
-504365057
3
6
4521261338198016
-4521261338198017
3
6
9311489097728
-9311489097729
6
6
51674351616
-51674351617
3
3
504365056
-504365057
3
3
4521261338198016
-4521261338198017
6
6
8796764635136
-8796764635137
3
3
223339347968
-223339347969
6
6
17678086438912
-17678086438913
6
6
8796831219712
-8796831219713
3
3
8796764635136
-8796764635137
4
7
223339347968
-223339347969
2
5
17678086438912
-17678086438913
5
2
8796831219712
-8796831219713
7
4
8830990155776
-8830990155777
6
3
188979609600
-188979609601
6
3
17609635397632
-17609635397633
3
6
8796965437440
-8796965437441
3
6
8796764635136
-8796764635137
6
3
223339347968
-223339347969
6
3
17678086438912
-17678086438913
3
6
8796831219712
-8796831219713
3
6
235405312
-235405313
5
3
4521397971845120
-4521397971845121
6
4
18073222381568
-18073222381569
4
6
201852928
-201852929
3
5
69659525120
-69659525121
3
3
206562131968
-206562131969
6
6
17712579346432
-17712579346433
6
6
8899373563904
-8899373563905
3
3
8865618329600
-8865618329601
6
3
155022524416
-155022524417
6
3
17643860918272
-17643860918273
3
6
8899776217088
-8899776217089
3
6
17415274496
-17415274497
5
3
4530194064867328
-4530194064867329
6
4
18073759252480
-18073759252481
4
6
202901504
-202901505
3
5
8839043219456
-8839043219457
5
3
2251988792246272
-2251988792246273
6
4
17593529270272
-17593529270273
4
6
872419328
-872419329
3
5
8830990155776
-8830990155777
4
2
188979609600
-188979609601
7
5
17609635397632
-17609635397633
5
7
8796965437440
-8796965437441
2
4
8830990155776
-8830990155777
5
7
188979609600
-188979609601
2
4
17609635397632
-17609635397633
4
2
8796965437440
-8796965437441
7
5
8830990155776
-8830990155777
6
3
188979609600
-188979609601
6
3
17609635397632
-17609635397633
3
6
8796965437440
-8796965437441
3
6
8796630417408
-8796630417409
3
3
154619871232
-154619871233
6
6
17609366962176
-17609366962177
6
6
8796697001984
-8796697001985
3
3
8796630417408
-8796630417409
6
7
154619871232
-154619871233
2
3
17609366962176
-17609366962177
3
2
8796697001984
-8796697001985
7
6
8865349894144
-8865349894145
4
6
154754088960
-154754088961
3
5
17609501179904
-17609501179905
5
3
8865416478720
-8865416478721
6
4
8796630417408
-8796630417409
4
7
154619871232
-154619871233
2
5
17609366962176
-17609366962177
5
2
8796697001984
-8796697001985
7
4
8796630417408
-8796630417409
5
7
154619871232
-154619871233
2
4
17609366962176
-17609366962177
4
2
8796697001984
-8796697001985
7
5
8796630417408
-8796630417409
6
7
154619871232
-154619871233
2
3
17609366962176
-17609366962177
3
2
8796697001984
-8796697001985
7
6
8899709108224
-8899709108225
3
3
51674873856
-51674873857
6
6
17583570944
-17583570945
6
6
8865617805312
-8865617805313
3
3
8899709108224
-8899709108225
6
3
51674873856
-51674873857
6
3
17583570944
-17583570945
3
6
8865617805312
-8865617805313
3
6
201457664
-201457665
3
4
9024860160262144
-9024860160262145
5
6
70574902607872
-70574902607873
6
5
134743040
-134743041
4
3
738328576
-738328577
3
4
9024860161310720
-9024860161310721
5
6
70592082477056
-70592082477057
6
5
8796227765248
-8796227765249
4
3
872546304
-872546305
6
5
9024791710269440
-9024791710269441
4
3
70557722738688
-70557722738689
3
4
8830453285888
-8830453285889
5
6
1006764032
-1006764033
3
4
9024860429746176
-9024860429746177
5
6
70626442215424
-70626442215425
6
5
8830587503616
-8830587503617
4
3
35232284672
-35232284673
3
4
9024826070007808
-9024826070007809
5
6
70557991174144
-70557991174145
6
5
8830721721344
-8830721721345
4
3
8830520000512
-8830520000513
6
5
9024842980392960
-9024842980392961
4
3
70506452615168
-70506452615169
3
4
805831680
-805831681
5
6
17626613022720
-17626613022721
3
7
9024825867632640
-9024825867632641
2
6
70506452090880
-70506452090881
6
2
137707914240
-137707914241
7
3
26388346306560
-26388346306561
6
5
9024808687763456
-9024808687763457
4
3
70506184704000
-70506184704001
3
4
137976349696
-137976349697
5
6
8830989762560
-8830989762561
4
2
9007250795397120
-9007250795397121
7
5
70386193530880
-70386193530881
5
7
8796898329600
-8796898329601
2
4
8796630024192
-8796630024193
3
3
9007216435658752
-9007216435658753
6
6
70385925095424
-70385925095425
6
6
8796629894144
-8796629894145
3
3
8796630024192
-8796630024193
3
3
9007216435658752
-9007216435658753
6
6
70385925095424
-70385925095425
6
6
8796629894144
-8796629894145
3
3
9174050668544
-9174050668545
6
4
189112780800
-189112780801
5
3
17592623300608
-17592623300609
3
5
4503669219262464
-4503669219262465
4
6
9242903838720
-9242903838721
6
3
120259610624
-120259610625
6
3
69089624064
-69089624065
3
6
4521192752939008
-4521192752939009
3
6
498216206336
-498216206337
6
5
8796227766272
-8796227766273
4
3
771751936
-771751937
3
4
4521260533940224
-4521260533940225
5
6
463856467968
-463856467969
2
6
8830453286912
-8830453286913
3
7
905969664
-905969665
7
3
4521192082898944
-4521192082898945
6
2
9311489097728
-9311489097729
6
5
51674351616
-51674351617
4
3
504365056
-504365057
3
4
4521261338198016
-4521261338198017
5
6
9311489097728
-9311489097729
3
7
51674351616
-51674351617
2
6
504365056
-504365057
6
2
4521261338198016
-4521261338198017
7
3
9174050144256
-9174050144257
2
4
51673827328
-51673827329
5
7
437256192
-437256193
7
5
4503669152153600
-4503669152153601
4
2
8830991728640
-8830991728641
5
6
51542753280
-51542753281
3
4
4415495864320
-4415495864321
4
3
13194944839680
-13194944839681
6
5
8830990155776
-8830990155777
4
2
188979609600
-188979609601
7
5
17609635397632
-17609635397633
5
7
8796965437440
-8796965437441
2
4
8830990155776
-8830990155777
5
7
188979609600
-188979609601
2
4
17609635397632
-17609635397633
4
2
8796965437440
-8796965437441
7
5
8830990155776
-8830990155777
6
3
188979609600
-188979609601
6
3
17609635397632
-17609635397633
3
6
8796965437440
-8796965437441
3
6
8830587502592
-8830587502593
3
2
257698037760
-257698037761
7
6
17661175005184
-17661175005185
6
7
1006632960
-1006632961
2
3
8830587502592
-8830587502593
5
2
257698037760
-257698037761
7
4
17661175005184
-17661175005185
4
7
1006632960
-1006632961
2
5
8830587502592
-8830587502593
6
7
257698037760
-257698037761
2
3
17661175005184
-17661175005185
3
2
1006632960
-1006632961
7
6
8830991728640
-8830991728641
5
6
51542753280
-51542753281
3
4
4415495864320
-4415495864321
4
3
13194944839680
-13194944839681
6
5
8865752023040
-8865752023041
4
6
86303047680
-86303047681
3
5
120394350592
-120394350593
5
3
8899843325952
-8899843325953
6
4
8839043219456
-8839043219457
5
3
2251988792246272
-2251988792246273
6
4
17593529270272
-17593529270273
4
6
872419328
-872419329
3
5
8830990155776
-8830990155777
4
2
188979609600
-188979609601
7
5
17609635397632
-17609635397633
5
7
8796965437440
-8796965437441
2
4
8830990155776
-8830990155777
5
7
188979609600
-188979609601
2
4
17609635397632
-17609635397633
4
2
8796965437440
-8796965437441
7
5
8830990155776
-8830990155777
6
3
188979609600
-188979609601
6
3
17609635397632
-17609635397633
3
6
8796965437440
-8796965437441
3
6
8796630417408
-8796630417409
3
3
154619871232
-154619871233
6
6
17609366962176
-17609366962177
6
6
8796697001984
-8796697001985
3
3
8796630417408
-8796630417409
6
7
154619871232
-154619871233
2
3
17609366962176
-17609366962177
3
2
8796697001984
-8796697001985
7
6
8865349894144
-8865349894145
4
6
154754088960
-154754088961
3
5
17609501179904
-17609501179905
5
3
8865416478720
-8865416478721
6
4
8796630417408
-8796630417409
4
7
154619871232
-154619871233
2
5
17609366962176
-17609366962177
5
2
8796697001984
-8796697001985
7
4
8796630417408
-8796630417409
5
7
154619871232
-154619871233
2
4
17609366962176
-17609366962177
4
2
8796697001984
-8796697001985
7
5
8796630417408
-8796630417409
6
7
154619871232
-154619871233
2
3
17609366962176
-17609366962177
3
2
8796697001984
-8796697001985
7
6
8899709108224
-8899709108225
3
3
51674873856
-51674873857
6
6
17583570944
-17583570945
6
6
8865617805312
-8865617805313
3
3
8899709108224
-8899709108225
6
3
51674873856
-51674873857
6
3
17583570944
-17583570945
3
6
8865617805312
-8865617805313
3
6
9105330667520
-9105330667521
6
5
51539609600
-51539609601
4
3
303038464
-303038465
3
4
4503600432676864
-4503600432676865
5
6
35391268716544
-35391268716545
7
4
17661041573888
-17661041573889
5
2
223539888128
-223539888129
2
5
61641505374208
-61641505374209
4
7
35391067394048
-35391067394049
6
6
1209794560
-1209794561
3
3
2251817195143168
-2251817195143169
3
3
61649960566784
-61649960566785
6
6
35391067394048
-35391067394049
7
3
1209794560
-1209794561
6
2
2251817195143168
-2251817195143169
2
6
61649960566784
-61649960566785
3
7
