138378477568
-138378477569
2
3
68989485056
-68989485057
6
7
120326193152
-120326193153
7
6
26422773022720
-26422773022721
3
2
138378477568
-138378477569
3
5
68989485056
-68989485057
4
6
120326193152
-120326193153
6
4
26422773022720
-26422773022721
5
3
138378477568
-138378477569
3
6
68989485056
-68989485057
3
6
120326193152
-120326193153
6
3
26422773022720
-26422773022721
6
3
138378477568
-138378477569
4
6
68989485056
-68989485057
3
5
120326193152
-120326193153
5
3
26422773022720
-26422773022721
6
4
35185311612928
-35185311612929
2
4
68989222912
-68989222913
5
7
120259346432
-120259346433
7
5
44014959067136
-44014959067137
4
2
35185311612928
-35185311612929
3
2
68989222912
-68989222913
7
6
120259346432
-120259346433
6
7
44014959067136
-44014959067137
2
3
35185311612928
-35185311612929
3
5
68989222912
-68989222913
4
6
120259346432
-120259346433
6
4
44014959067136
-44014959067137
5
3
35185311612928
-35185311612929
2
4
68989222912
-68989222913
5
7
120259346432
-120259346433
7
5
44014959067136
-44014959067137
4
2
35322213695488
-35322213695489
3
5
68988698624
-68988698625
4
6
103146586112
-103146586113
6
4
52811052089344
-52811052089345
5
3
35322482130944
-35322482130945
4
6
68721311744
-68721311745
3
5
85966716928
-85966716929
5
3
61572785373184
-61572785373185
6
4
35322482130944
-35322482130945
2
5
68721311744
-68721311745
4
7
85966716928
-85966716929
7
4
61572785373184
-61572785373185
5
2
35322482130944
-35322482130945
3
5
68721311744
-68721311745
4
6
85966716928
-85966716929
6
4
61572785373184
-61572785373185
5
3
35322482130944
-35322482130945
4
6
68721311744
-68721311745
3
5
85966716928
-85966716929
5
3
61572785373184
-61572785373185
6
4
35322482130944
-35322482130945
6
5
68721311744
-68721311745
4
3
85966716928
-85966716929
3
4
61572785373184
-61572785373185
5
6
35322616348672
-35322616348673
3
5
270270464
-270270465
4
6
51606978560
-51606978561
6
4
61607010893824
-61607010893825
5
3
35322616348672
-35322616348673
2
5
270270464
-270270465
4
7
51606978560
-51606978561
7
4
61607010893824
-61607010893825
5
2
35322616348672
-35322616348673
3
5
270270464
-270270465
4
6
51606978560
-51606978561
6
4
61607010893824
-61607010893825
5
3
35596688949248
-35596688949249
2
5
788480
-788481
4
7
100925440
-100925441
7
4
4556376185503744
-4556376185503745
5
2
35596688949248
-35596688949249
3
5
788480
-788481
4
6
100925440
-100925441
6
4
4556376185503744
-4556376185503745
5
3
35527969472512
-35527969472513
5
3
134481920
-134481921
6
4
168034304
-168034305
4
6
4538852718936064
-4538852718936065
3
5
35596688949248
-35596688949249
2
5
788480
-788481
4
7
100925440
-100925441
7
4
4556376185503744
-4556376185503745
5
2
35596688949248
-35596688949249
3
5
788480
-788481
4
6
100925440
-100925441
6
4
4556376185503744
-4556376185503745
5
3
35596688949248
-35596688949249
6
6
788480
-788481
3
3
100925440
-100925441
3
3
4556376185503744
-4556376185503745
6
6
35184372088832
-35184372088833
5
3
262144
-262145
6
4
262144
-262145
4
6
35184372088832
-35184372088833
3
5
35322347913216
-35322347913217
2
5
1835008
-1835009
4
7
17247240192
-17247240193
7
4
61572651155456
-61572651155457
5
2
35322347913216
-35322347913217
3
5
1835008
-1835009
4
6
17247240192
-17247240193
6
4
61572651155456
-61572651155457
5
3
35184506306560
-35184506306561
5
3
68719738880
-68719738881
6
4
68719738880
-68719738881
4
6
35184506306560
-35184506306561
3
5
69659000832
-69659000833
3
2
69123178496
-69123178497
7
6
120393302016
-120393302017
6
7
8899306455040
-8899306455041
2
3
69659000832
-69659000833
4
2
69123178496
-69123178497
7
5
120393302016
-120393302017
5
7
8899306455040
-8899306455041
2
4
8864946716672
-8864946716673
5
2
86033563648
-86033563649
7
4
68854743040
-68854743041
4
7
69390565376
-69390565377
2
5
8864946716672
-8864946716673
6
4
86033563648
-86033563649
5
3
68854743040
-68854743041
3
5
69390565376
-69390565377
4
6
8865617805312
-8865617805313
3
6
17583570944
-17583570945
3
6
51674873856
-51674873857
6
3
8899709108224
-8899709108225
6
3
8865617805312
-8865617805313
5
6
17583570944
-17583570945
3
4
51674873856
-51674873857
4
3
8899709108224
-8899709108225
6
5
8865349369856
-8865349369857
6
4
17315135488
-17315135489
5
3
17315135488
-17315135489
3
5
8865349369856
-8865349369857
4
6
9242769620992
-9242769620993
5
3
51540133888
-51540133889
6
4
370147328
-370147329
4
6
4521192618721280
-4521192618721281
3
5
9277129359360
-9277129359361
3
7
17314613248
-17314613249
2
6
235929600
-235929601
6
2
4521261069762560
-4521261069762561
7
3
9277129359360
-9277129359361
4
6
17314613248
-17314613249
3
5
235929600
-235929601
5
3
4521261069762560
-4521261069762561
6
4
8796629893120
-8796629893121
6
5
17180917760
-17180917761
4
3
17180917760
-17180917761
3
4
8796629893120
-8796629893121
5
6
8796227764224
-8796227764225
5
3
223338299392
-223338299393
6
4
17660906569728
-17660906569729
4
6
738197504
-738197505
3
5
8796227764224
-8796227764225
5
7
223338299392
-223338299393
2
4
17660906569728
-17660906569729
4
2
738197504
-738197505
7
5
8796227764224
-8796227764225
5
3
223338299392
-223338299393
6
4
17660906569728
-17660906569729
4
6
738197504
-738197505
3
5
8796227764224
-8796227764225
5
7
223338299392
-223338299393
2
4
17660906569728
-17660906569729
4
2
738197504
-738197505
7
5
8830453284864
-8830453284865
4
7
188978561024
-188978561025
2
5
17592455528448
-17592455528449
5
2
872415232
-872415233
7
4
8830453284864
-8830453284865
5
3
188978561024
-188978561025
6
4
17592455528448
-17592455528449
4
6
872415232
-872415233
3
5
67239936
-67239937
5
3
9024791440785408
-9024791440785409
6
4
70506183131136
-70506183131137
4
6
525312
-525313
3
5
34426978304
-34426978305
5
3
9024825800523776
-9024825800523777
6
4
70506451566592
-70506451566593
4
6
268960768
-268960769
3
5
8796160262144
-8796160262145
3
4
9024808620654592
-9024808620654593
5
6
70506184179712
-70506184179713
6
5
537396224
-537396225
4
3
8830452891648
-8830452891649
5
3
9007250794348544
-9007250794348545
6
4
70369013661696
-70369013661697
4
6
805307392
-805307393
3
5
9174050144256
-9174050144257
6
5
51673827328
-51673827329
4
3
437256192
-437256193
3
4
4503669152153600
-4503669152153601
5
6
9242769620992
-9242769620993
6
5
51540133888
-51540133889
4
3
370147328
-370147329
3
4
4521192618721280
-4521192618721281
5
6
9277129359360
-9277129359361
4
6
17314613248
-17314613249
3
5
235929600
-235929601
5
3
4521261069762560
-4521261069762561
6
4
8830989631488
-8830989631489
4
2
51540656128
-51540656129
7
5
17449353216
-17449353217
5
7
8796898328576
-8796898328577
2
4
8830989631488
-8830989631489
6
3
51540656128
-51540656129
6
3
17449353216
-17449353217
3
6
8796898328576
-8796898328577
3
6
8830989631488
-8830989631489
6
5
51540656128
-51540656129
4
3
17449353216
-17449353217
3
4
8796898328576
-8796898328577
5
6
8830454857728
-8830454857729
5
3
51541704704
-51541704705
6
4
4398315995136
-4398315995137
4
6
4398851817472
-4398851817473
3
5
8796227764224
-8796227764225
5
3
223338299392
-223338299393
6
4
17660906569728
-17660906569729
4
6
738197504
-738197505
3
5
8830453284864
-8830453284865
4
7
188978561024
-188978561025
2
5
17592455528448
-17592455528449
5
2
872415232
-872415233
7
4
8830453284864
-8830453284865
5
3
188978561024
-188978561025
6
4
17592455528448
-17592455528449
4
6
872415232
-872415233
3
5
8830452760576
-8830452760577
4
2
51539607552
-51539607553
7
5
269484032
-269484033
5
7
805306368
-805306369
2
4
35391067389952
-35391067389953
5
6
136052736
-136052737
3
4
17381457920
-17381457921
4
3
61641370632192
-61641370632193
6
5
35391067389952
-35391067389953
7
4
136052736
-136052737
5
2
17381457920
-17381457921
2
5
61641370632192
-61641370632193
4
7
