35184506306560
-35184506306561
5
3
68719738880
-68719738881
6
4
68719738880
-68719738881
4
6
35184506306560
-35184506306561
3
5
35253091565568
-35253091565569
4
2
134479872
-134479873
7
5
134479872
-134479873
5
7
35253091565568
-35253091565569
2
4
35253091565568
-35253091565569
4
2
134479872
-134479873
7
5
134479872
-134479873
5
7
35253091565568
-35253091565569
2
4
35253091565568
-35253091565569
5
3
134479872
-134479873
6
4
134479872
-134479873
4
6
35253091565568
-35253091565569
3
5
8796227239936
-8796227239937
3
3
85899345920
-85899345921
6
6
68720525312
-68720525313
6
6
671088640
-671088641
3
3
8796227239936
-8796227239937
5
3
85899345920
-85899345921
6
4
68720525312
-68720525313
4
6
671088640
-671088641
3
5
8796227239936
-8796227239937
5
3
85899345920
-85899345921
6
4
68720525312
-68720525313
4
6
671088640
-671088641
3
5
8830452760576
-8830452760577
4
2
51539607552
-51539607553
7
5
269484032
-269484033
5
7
805306368
-805306369
2
4
8830452760576
-8830452760577
5
3
51539607552
-51539607553
6
4
269484032
-269484033
4
6
805306368
-805306369
3
5
8830452760576
-8830452760577
6
5
51539607552
-51539607553
4
3
269484032
-269484033
3
4
805306368
-805306369
5
6
8830452760576
-8830452760577
6
7
51539607552
-51539607553
2
3
269484032
-269484033
3
2
805306368
-805306369
7
6
8830452760576
-8830452760577
4
2
51539607552
-51539607553
7
5
269484032
-269484033
5
7
805306368
-805306369
2
4
8830452760576
-8830452760577
5
3
51539607552
-51539607553
6
4
269484032
-269484033
4
6
805306368
-805306369
3
5
8830452760576
-8830452760577
6
3
51539607552
-51539607553
6
3
269484032
-269484033
3
6
805306368
-805306369
3
6
8830452760576
-8830452760577
6
5
51539607552
-51539607553
4
3
269484032
-269484033
3
4
805306368
-805306369
5
6
134217728
-134217729
3
5
68719476736
-68719476737
4
6
68719476736
-68719476737
6
4
134217728
-134217729
5
3
671088640
-671088641
3
3
68720525312
-68720525313
6
6
85899345920
-85899345921
6
6
8796227239936
-8796227239937
3
3
