35322750566400
-35322750566401
3
2
68989747200
-68989747201
7
6
120326455296
-120326455297
6
7
61607145111552
-61607145111553
2
3
35322750566400
-35322750566401
4
2
68989747200
-68989747201
7
5
120326455296
-120326455297
5
7
61607145111552
-61607145111553
2
4
35322750566400
-35322750566401
5
2
68989747200
-68989747201
7
4
120326455296
-120326455297
4
7
61607145111552
-61607145111553
2
5
35322750566400
-35322750566401
6
2
68989747200
-68989747201
7
3
120326455296
-120326455297
3
7
61607145111552
-61607145111553
2
6
35322750566400
-35322750566401
6
3
68989747200
-68989747201
6
3
120326455296
-120326455297
3
6
61607145111552
-61607145111553
3
6
35322750566400
-35322750566401
6
4
68989747200
-68989747201
5
3
120326455296
-120326455297
3
5
61607145111552
-61607145111553
4
6
35322750566400
-35322750566401
6
5
68989747200
-68989747201
4
3
120326455296
-120326455297
3
4
61607145111552
-61607145111553
5
6
35322750566400
-35322750566401
6
6
68989747200
-68989747201
3
3
120326455296
-120326455297
3
3
61607145111552
-61607145111553
6
6
35665408425984
-35665408425985
3
4
135006208
-135006209
5
6
235143168
-235143169
6
5
4556444904980480
-4556444904980481
4
3
35665408425984
-35665408425985
3
2
135006208
-135006209
7
6
235143168
-235143169
6
7
4556444904980480
-4556444904980481
2
3
35665408425984
-35665408425985
3
4
135006208
-135006209
5
6
235143168
-235143169
6
5
4556444904980480
-4556444904980481
4
3
35665408425984
-35665408425985
4
1
135006208
-135006209
8
5
235143168
-235143169
5
8
4556444904980480
-4556444904980481
1
4
35391067389952
-35391067389953
3
4
136052736
-136052737
5
6
17381457920
-17381457921
6
5
61641370632192
-61641370632193
4
3
44049318805504
-44049318805505
3
4
86033825792
-86033825793
5
6
68855005184
-68855005185
6
5
35253762654208
-35253762654209
4
3
8865752023040
-8865752023041
3
4
86303047680
-86303047681
5
6
120394350592
-120394350593
6
5
8899843325952
-8899843325953
4
3
8865752023040
-8865752023041
6
3
86303047680
-86303047681
6
3
120394350592
-120394350593
3
6
8899843325952
-8899843325953
3
6
8865752023040
-8865752023041
6
4
86303047680
-86303047681
5
3
120394350592
-120394350593
3
5
8899843325952
-8899843325953
4
6
8865752023040
-8865752023041
6
5
86303047680
-86303047681
4
3
120394350592
-120394350593
3
4
8899843325952
-8899843325953
5
6
9311489097728
-9311489097729
3
3
51674351616
-51674351617
6
6
504365056
-504365057
6
6
4521261338198016
-4521261338198017
3
3
9311489097728
-9311489097729
3
6
51674351616
-51674351617
3
6
504365056
-504365057
6
3
4521261338198016
-4521261338198017
6
3
8899709108224
-8899709108225
4
6
51674873856
-51674873857
3
5
17583570944
-17583570945
5
3
8865617805312
-8865617805313
6
4
8830587502592
-8830587502593
3
4
257698037760
-257698037761
5
6
17661175005184
-17661175005185
6
5
1006632960
-1006632961
4
3
8830587502592
-8830587502593
4
6
257698037760
-257698037761
3
5
17661175005184
-17661175005185
5
3
1006632960
-1006632961
6
4
8830587502592
-8830587502593
6
6
257698037760
-257698037761
3
3
17661175005184
-17661175005185
3
3
1006632960
-1006632961
6
6
8830520000512
-8830520000513
2
5
9024842980392960
-9024842980392961
4
7
70506452615168
-70506452615169
7
4
805831680
-805831681
5
2
8830520000512
-8830520000513
2
6
9024842980392960
-9024842980392961
3
7
70506452615168
-70506452615169
7
3
805831680
-805831681
6
2
8830520000512
-8830520000513
3
6
9024842980392960
-9024842980392961
3
6
70506452615168
-70506452615169
6
3
805831680
-805831681
6
3
8830520000512
-8830520000513
5
7
9024842980392960
-9024842980392961
2
4
70506452615168
-70506452615169
4
2
805831680
-805831681
7
5
9311489097728
-9311489097729
3
2
51674351616
-51674351617
7
6
504365056
-504365057
6
7
4521261338198016
-4521261338198017
2
3
9311489097728
-9311489097729
3
3
51674351616
-51674351617
6
6
504365056
-504365057
6
6
4521261338198016
-4521261338198017
3
3
9311489097728
-9311489097729
3
6
51674351616
-51674351617
3
6
504365056
-504365057
6
3
4521261338198016
-4521261338198017
6
3
8899709108224
-8899709108225
3
3
51674873856
-51674873857
6
6
17583570944
-17583570945
6
6
8865617805312
-8865617805313
3
3
8830723293184
-8830723293185
6
5
51810140160
-51810140161
4
3
4432675733504
-4432675733505
3
4
4433211555840
-4433211555841
5
6
8830587502592
-8830587502593
3
6
257698037760
-257698037761
3
6
17661175005184
-17661175005185
6
3
1006632960
-1006632961
6
3
8830587502592
-8830587502593
5
6
257698037760
-257698037761
3
4
17661175005184
-17661175005185
4
3
1006632960
-1006632961
6
5
8830586978304
-8830586978305
5
6
120259084288
-120259084289
3
4
68988960768
-68988960769
4
3
939524096
-939524097
6
5
35391201607680
-35391201607681
6
5
68855529472
-68855529473
4
3
86100934656
-86100934657
3
4
61641504849920
-61641504849921
5
6
