35253225783296
-35253225783297
3
4
68853956608
-68853956609
5
6
68853956608
-68853956609
6
5
35253225783296
-35253225783297
4
3
35253225783296
-35253225783297
5
6
68853956608
-68853956609
3
4
68853956608
-68853956609
4
3
35253225783296
-35253225783297
6
5
35253225783296
-35253225783297
6
5
68853956608
-68853956609
4
3
68853956608
-68853956609
3
4
35253225783296
-35253225783297
5
6
8830586978304
-8830586978305
3
6
120259084288
-120259084289
3
6
68988960768
-68988960769
6
3
939524096
-939524097
6
3
8830586978304
-8830586978305
4
6
120259084288
-120259084289
3
5
68988960768
-68988960769
5
3
939524096
-939524097
6
4
8830586978304
-8830586978305
5
6
120259084288
-120259084289
3
4
68988960768
-68988960769
4
3
939524096
-939524097
6
5
8830586978304
-8830586978305
6
6
120259084288
-120259084289
3
3
68988960768
-68988960769
3
3
939524096
-939524097
6
6
939524096
-939524097
6
3
68988960768
-68988960769
6
3
120259084288
-120259084289
3
6
8830586978304
-8830586978305
3
6
939524096
-939524097
6
4
68988960768
-68988960769
5
3
120259084288
-120259084289
3
5
8830586978304
-8830586978305
4
6
