9042661591744512
-9042661591744513
4
1
68989356048
-68989356049
8
5
124587869184
-124587869185
5
8
581078735634038784
-581078735634038785
1
4
4521433271107584
-4521433271107585
1
3
103584104448
-103584104449
6
8
120729372672
-120729372673
8
6
26904077795328
-26904077795329
3
1
1134937457557504
-1134937457557505
5
2
2319686565888
-2319686565889
7
4
120729903104
-120729903105
4
7
26492302000128
-26492302000129
2
5
9069013363589120
-9069013363589121
3
6
120730812416
-120730812417
3
6
120730682368
-120730682369
6
3
132182853025792
-132182853025793
6
3
4530091925176320
-4530091925176321
6
3
120763449344
-120763449345
6
3
120663312384
-120663312385
3
6
9312428621824
-9312428621825
3
6
2278360562532352
-2278360562532353
5
2
128917700608
-128917700609
7
4
86236467200
-86236467201
4
7
26527731286016
-26527731286017
2
5
8968833335296
-8968833335297
5
2
120531189760
-120531189761
7
4
4518642188288
-4518642188289
4
7
30821624840192
-30821624840193
2
5
8968831762432
-8968831762433
5
2
257968046080
-257968046081
7
4
17712781721600
-17712781721601
4
7
26423645437952
-26423645437953
2
5
13298158272512
-13298158272513
4
6
4518709297152
-4518709297153
3
5
120664883200
-120664883201
5
3
8900113858560
-8900113858561
6
4
13298158272512
-13298158272513
6
3
4518709297152
-4518709297153
6
3
120664883200
-120664883201
3
6
8900113858560
-8900113858561
3
6
5464137924608
-5464137924609
5
6
4501529954312
-4501529954313
3
4
120781275136
-120781275137
4
3
1157451595997249536
-1157451595997249537
6
5
9046920051818496
-9046920051818497
4
2
4467036389376
-4467036389377
7
5
120328553472
-120328553473
5
7
131975891386368
-131975891386369
2
4
9046920051818496
-9046920051818497
5
2
4467036389376
-4467036389377
7
4
120328553472
-120328553473
4
7
131975891386368
-131975891386369
2
5
9046920051818496
-9046920051818497
6
2
4467036389376
-4467036389377
7
3
120328553472
-120328553473
3
7
131975891386368
-131975891386369
2
6
9046920051818496
-9046920051818497
6
3
4467036389376
-4467036389377
6
3
120328553472
-120328553473
3
6
131975891386368
-131975891386369
3
6
13435597225984
-13435597225985
4
2
4518709821440
-4518709821441
7
5
120731992064
-120731992065
5
7
26492299902976
-26492299902977
2
4
13435597225984
-13435597225985
5
6
4518709821440
-4518709821441
3
4
120731992064
-120731992065
4
3
26492299902976
-26492299902977
6
5
4553671966720
-4553671966721
4
2
30855315062784
-30855315062785
7
5
258304114688
-258304114689
5
7
26422776692736
-26422776692737
2
4
4553671966720
-4553671966721
5
2
30855315062784
-30855315062785
7
4
258304114688
-258304114689
4
7
26422776692736
-26422776692737
2
5
13298158272512
-13298158272513
4
6
4518709297152
-4518709297153
3
5
120664883200
-120664883201
5
3
8900113858560
-8900113858561
6
4
4914382110720
-4914382110721
5
1
4501529954304
-4501529954305
8
4
120764497920
-120764497921
4
8
4530091390402560
-4530091390402561
1
5
4525693341794304
-4525693341794305
6
6
4501629042688
-4501629042689
3
3
103484491776
-103484491777
3
3
515800825856
-515800825857
6
6
4913845239808
-4913845239809
3
5
4501528905728
-4501528905729
4
6
103584628736
-103584628737
6
4
4521295297380352
-4521295297380353
5
3
4913845239808
-4913845239809
5
2
4501528905728
-4501528905729
7
4
103584628736
-103584628737
4
7
4521295297380352
-4521295297380353
2
5
533515468800
-533515468801
5
1
8899576465408
-8899576465409
8
4
121299271680
-121299271681
4
8
4530091389353984
-4530091389353985
1
5
533515468800
-533515468801
6
3
8899576465408
-8899576465409
6
3
121299271680
-121299271681
3
6
4530091389353984
-4530091389353985
3
6
4521312475152384
-4521312475152385
3
5
8899675553792
-8899675553793
4
6
104019265536
-104019265537
6
4
515799777280
-515799777281
5
3
532978597888
-532978597889
3
5
8899575416832
-8899575416833
4
6
104119402496
-104119402497
6
4
4521295296331776
-4521295296331777
5
3
4574175469502464
-4574175469502465
4
1
69157258240
-69157258241
8
5
120460544000
-120460544001
5
8
9033965625147392
-9033965625147393
1
4
4512499739131904
-4512499739131905
1
4
120696340480
-120696340481
5
8
120662788096
-120662788097
8
5
9174989668352
-9174989668353
4
1
4512499739131904
-4512499739131905
1
5
120696340480
-120696340481
4
8
120662788096
-120662788097
8
4
9174989668352
-9174989668353
5
1
4512499739131904
-4512499739131905
4
6
120696340480
-120696340481
3
5
120662788096
-120662788097
5
3
9174989668352
-9174989668353
6
4
4512499739131904
-4512499739131905
6
3
120696340480
-120696340481
6
3
120662788096
-120662788097
3
6
9174989668352
-9174989668353
3
6
4504631359045632
-4504631359045633
1
4
69157259272
-69157259273
5
8
120510744576
-120510744577
8
5
1157451870604623872
-1157451870604623873
4
1
4504631359045632
-4504631359045633
5
2
69157259272
-69157259273
7
4
120510744576
-120510744577
4
7
1157451870604623872
-1157451870604623873
2
5
4504631359045632
-4504631359045633
6
4
69157259272
-69157259273
5
3
120510744576
-120510744577
3
5
1157451870604623872
-1157451870604623873
4
6
4504631359045632
-4504631359045633
6
5
69157259272
-69157259273
4
3
120510744576
-120510744577
3
4
1157451870604623872
-1157451870604623873
5
6
4503720825978880
-4503720825978881
1
4
8899609493504
-8899609493505
5
8
121198610432
-121198610433
8
5
9174453846016
-9174453846017
4
1
4503720825978880
-4503720825978881
6
3
8899609493504
-8899609493505
6
3
121198610432
-121198610433
3
6
9174453846016
-9174453846017
3
6
4609359841591296
-4609359841591297
1
4
69157520384
-69157520385
5
8
120460806144
-120460806145
8
5
9069149997236224
-9069149997236225
4
1
4609359841591296
-4609359841591297
3
1
69157520384
-69157520385
8
6
120460806144
-120460806145
6
8
9069149997236224
-9069149997236225
1
3
4609359841591296
-4609359841591297
5
2
69157520384
-69157520385
7
4
120460806144
-120460806145
4
7
9069149997236224
-9069149997236225
2
5
4565276297265152
-4565276297265153
4
6
120763711488
-120763711489
3
5
120663574528
-120663574529
5
3
44496800710656
-44496800710657
6
4
4565276297265152
-4565276297265153
6
3
120763711488
-120763711489
6
3
120663574528
-120663574529
3
6
44496800710656
-44496800710657
3
6
4626951490764800
-4626951490764801
2
3
69223580672
-69223580673
6
7
103281461248
-103281461249
7
6
9060491343167488
-9060491343167489
3
2
4626951490764800
-4626951490764801
3
5
69223580672
-69223580673
4
6
103281461248
-103281461249
6
4
9060491343167488
-9060491343167489
5
3
4626951490764800
-4626951490764801
4
6
69223580672
-69223580673
3
5
103281461248
-103281461249
5
3
9060491343167488
-9060491343167489
6
4
4626951490764800
-4626951490764801
6
3
69223580672
-69223580673
6
3
103281461248
-103281461249
3
6
9060491343167488
-9060491343167489
3
6
4626951490764800
-4626951490764801
6
5
69223580672
-69223580673
4
3
103281461248
-103281461249
3
4
9060491343167488
-9060491343167489
5
6
4565275760394240
-4565275760394241
5
6
120762662912
-120762662913
3
4
103483705344
-103483705345
4
3
35700707688448
-35700707688449
6
5
4565275760394240
-4565275760394241
6
5
120762662912
-120762662913
4
3
103483705344
-103483705345
3
4
35700707688448
-35700707688449
5
6
4556584357199872
-4556584357199873
4
6
69224632320
-69224632321
3
5
129051133952
-129051133953
5
3
2313887995133952
-2313887995133953
6
4
4556584357199872
-4556584357199873
6
3
69224632320
-69224632321
6
3
129051133952
-129051133953
3
6
2313887995133952
-2313887995133953
3
6
4556584357199872
-4556584357199873
6
5
69224632320
-69224632321
4
3
129051133952
-129051133953
3
4
2313887995133952
-2313887995133953
5
6
4556445848698880
-4556445848698881
6
3
69224112128
-69224112129
6
3
2319417346048
-2319417346049
3
6
1170395902246912
-1170395902246913
3
6
4556583285555200
-4556583285555201
4
6
69226725376
-69226725377
3
5
4518507710464
-4518507710465
5
3
66486227959808
-66486227959809
6
4
4556583285555200
-4556583285555201
6
5
69226725376
-69226725377
4
3
4518507710464
-4518507710465
3
4
66486227959808
-66486227959809
5
6
211519488917504
-211519488917505
5
2
68989488132
-68989488133
7
4
120359944192
-120359944193
4
7
2319380230868828160
-2319380230868828161
2
5
211519488917504
-211519488917505
6
4
68989488132
-68989488133
5
3
120359944192
-120359944193
3
5
2319380230868828160
-2319380230868828161
4
6
132182853025792
-132182853025793
4
6
120730682368
-120730682369
3
5
120730812416
-120730812417
5
3
9069013363589120
-9069013363589121
6
4
71331756376064
-71331756376065
3
1
68989488136
-68989488137
8
6
120376655872
-120376655873
6
8
1166458726261981184
-1166458726261981185
1
3
71331756376064
-71331756376065
5
2
68989488136
-68989488137
7
4
120376655872
-120376655873
4
7
1166458726261981184
-1166458726261981185
2
5
71331756376064
-71331756376065
6
4
68989488136
-68989488137
5
3
120376655872
-120376655873
3
5
1166458726261981184
-1166458726261981185
4
6
4570784727040
-4570784727041
4
6
4501395734528
-4501395734529
3
5
120596725760
-120596725761
5
3
26423043555328
-26423043555329
6
4
4570784727040
-4570784727041
6
3
4501395734528
-4501395734529
6
3
120596725760
-120596725761
3
6
26423043555328
-26423043555329
3
6
4626814588682240
-4626814588682241
2
3
69224104960
-69224104961
6
7
120394221568
-120394221569
7
6
9051695250145280
-9051695250145281
3
2
4626814588682240
-4626814588682241
2
5
69224104960
-69224104961
4
7
120394221568
-120394221569
7
4
9051695250145280
-9051695250145281
5
2
4626814588682240
-4626814588682241
6
3
69224104960
-69224104961
6
3
120394221568
-120394221569
3
6
9051695250145280
-9051695250145281
3
6
4626814588682240
-4626814588682241
6
4
69224104960
-69224104961
5
3
120394221568
-120394221569
3
5
9051695250145280
-9051695250145281
4
6
246566422052864
-246566422052865
2
3
68989225988
-68989225989
6
7
120293097472
-120293097473
7
6
2319397823054872576
-2319397823054872577
3
2
246566422052864
-246566422052865
4
1
68989225988
-68989225989
8
5
120293097472
-120293097473
5
8
2319397823054872576
-2319397823054872577
1
4
246566422052864
-246566422052865
6
4
68989225988
-68989225989
5
3
120293097472
-120293097473
3
5
2319397823054872576
-2319397823054872577
4
6
167504664068096
-167504664068097
2
5
120729896964
-120729896965
4
7
120696930304
-120696930305
7
4
2310355646391779328
-2310355646391779329
5
2
167504664068096
-167504664068097
4
6
120729896964
-120729896965
3
5
120696930304
-120696930305
5
3
2310355646391779328
-2310355646391779329
6
4
26630810501120
-26630810501121
3
6
120730423296
-120730423297
3
6
129320353792
-129320353793
6
3
2278429550444544
-2278429550444545
6
3
26630810501120
-26630810501121
4
6
120730423296
-120730423297
3
5
129320353792
-129320353793
5
3
2278429550444544
-2278429550444545
6
4
26630810501120
-26630810501121
6
2
120730423296
-120730423297
7
3
129320353792
-129320353793
3
7
2278429550444544
-2278429550444545
2
6
26630810501120
-26630810501121
6
3
120730423296
-120730423297
6
3
129320353792
-129320353793
3
6
2278429550444544
-2278429550444545
3
6
26630810501120
-26630810501121
6
6
120730423296
-120730423297
3
3
129320353792
-129320353793
3
3
2278429550444544
-2278429550444545
6
6
9069013363589120
-9069013363589121
6
4
120730812416
-120730812417
5
3
120730682368
-120730682369
3
5
132182853025792
-132182853025793
4
6
132182853025792
-132182853025793
4
6
120730682368
-120730682369
3
5
120730812416
-120730812417
5
3
9069013363589120
-9069013363589121
6
4
4565276297265152
-4565276297265153
4
6
120763711488
-120763711489
3
5
120663574528
-120663574529
5
3
44496800710656
-44496800710657
6
4
4565276297265152
-4565276297265153
6
3
120763711488
-120763711489
6
3
120663574528
-120663574529
3
6
44496800710656
-44496800710657
3
6
66005996929024
-66005996929025
2
5
4518642450432
-4518642450433
4
7
120531451904
-120531451905
7
4
44153205424128
-44153205424129
5
2
61712103374848
-61712103374849
2
5
86236729344
-86236729345
4
7
128917962752
-128917962753
7
4
2313544934621184
-2313544934621185
5
2
61608017526784
-61608017526785
2
3
17712781983744
-17712781983745
6
7
257968308224
-257968308225
7
6
44153203851264
-44153203851265
3
2
61608017526784
-61608017526785
6
3
17712781983744
-17712781983745
6
3
257968308224
-257968308225
3
6
44153203851264
-44153203851265
3
6
61608017526784
-61608017526785
6
5
17712781983744
-17712781983745
4
3
257968308224
-257968308225
3
4
44153203851264
-44153203851265
5
6
132182316154880
-132182316154881
2
4
120729633792
-120729633793
5
7
103550943232
-103550943233
7
5
9060217270566912
-9060217270566913
4
2
132182316154880
-132182316154881
2
6
120729633792
-120729633793
3
7
103550943232
-103550943233
7
3
9060217270566912
-9060217270566913
6
2
132182316154880
-132182316154881
4
6
120729633792
-120729633793
3
5
103550943232
-103550943233
5
3
9060217270566912
-9060217270566913
6
4
132182316154880
-132182316154881
2
3
120729633792
-120729633793
6
7
103550943232
-103550943233
7
6
9060217270566912
-9060217270566913
3
2
61815182589952
-61815182589953
2
4
120730685440
-120730685441
5
7
129320615936
-129320615937
7
5
2313613922533376
-2313613922533377
4
2
61814110945280
-61814110945281
2
4
120732778496
-120732778497
5
7
4518777192448
-4518777192449
7
5
66212155359232
-66212155359233
4
2
61676670943232
-61676670943233
2
4
121267027968
-121267027969
5
7
8916756594688
-8916756594689
7
5
44239102672896
-44239102672897
4
2
61676670943232
-61676670943233
4
6
121267027968
-121267027969
3
5
8916756594688
-8916756594689
5
3
44239102672896
-44239102672897
6
4
4539265975320576
-4539265975320577
6
4
69157521408
-69157521409
5
3
120494229504
-120494229505
3
5
4565550369865728
-4565550369865729
4
6
61746463113216
-61746463113217
4
6
120596467712
-120596467713
3
5
129186398208
-129186398209
5
3
2313545203056640
-2313545203056641
6
4
122272350208
-122272350209
6
4
8899575943168
-8899575943169
5
3
129788542976
-129788542977
3
5
2260699389624320
-2260699389624321
4
6
4556600194891776
-4556600194891777
6
5
8865049214976
-8865049214977
4
3
86638331904
-86638331905
3
4
62053822758912
-62053822758913
5
6
2304800381206528
-2304800381206529
6
5
8873605595136
-8873605595137
4
3
86638333952
-86638333953
3
4
61780018593792
-61780018593793
5
6
35408650960896
-35408650960897
4
2
8865753858048
-8865753858049
7
5
8917090566144
-8917090566145
5
7
61693045506048
-61693045506049
2
4
61693044457472
-61693044457473
2
4
8916553695232
-8916553695233
5
7
69660835840
-69660835841
7
5
35391471091712
-35391471091713
4
2
61796526325760
-61796526325761
5
2
8813476052992
-8813476052993
7
4
17919901696
-17919901697
4
7
61779347505152
-61779347505153
2
5
2304715555602432
-2304715555602433
3
5
77378359296
-77378359297
4
6
94557179904
-94557179905
6
4
2313511111753728
-2313511111753729
5
3
2304714483957760
-2304714483957761
3
2
77380452352
-77380452353
7
6
4484013756416
-4484013756417
6
7
66109344579584
-66109344579585
2
3
2313544934621184
-2313544934621185
5
2
128917962752
-128917962753
7
4
86236729344
-86236729345
4
7
61712103374848
-61712103374849
2
5
44153205424128
-44153205424129
5
2
120531451904
-120531451905
7
4
4518642450432
-4518642450433
4
7
66005996929024
-66005996929025
2
5
44153203851264
-44153203851265
3
2
257968308224
-257968308225
7
6
17712781983744
-17712781983745
6
7
61608017526784
-61608017526785
2
3
44153203851264
-44153203851265
3
6
257968308224
-257968308225
3
6
17712781983744
-17712781983745
6
3
61608017526784
-61608017526785
6
3
44153203851264
-44153203851265
5
6
257968308224
-257968308225
3
4
17712781983744
-17712781983745
4
3
61608017526784
-61608017526785
6
5
62088718319616
-62088718319617
2
4
120462247936
-120462247937
5
7
86404497408
-86404497409
7
5
4565379376480256
-4565379376480257
4
2
61814914154496
-61814914154497
4
2
120462249984
-120462249985
7
5
94960877568
-94960877569
5
7
2313579562795008
-2313579562795009
2
4
61831020281856
-61831020281857
2
4
8916555268096
-8916555268097
5
7
86907813888
-86907813889
7
5
61779750158336
-61779750158337
4
2
61831020281856
-61831020281857
5
2
8916555268096
-8916555268097
7
4
86907813888
-86907813889
4
7
61779750158336
-61779750158337
2
5
61813572501504
-61813572501505
5
6
258168586240
-258168586241
3
4
17695736856576
-17695736856577
4
3
53018082934784
-53018082934785
6
5
61813976727552
-61813976727553
5
2
52013301760
-52013301761
7
4
4450057715712
-4450057715713
4
7
66212021141504
-66212021141505
2
5
61814385672192
-61814385672193
2
4
120461201440
-120461201441
5
7
1177292636160
-1177292636161
7
5
290535159621484544
-290535159621484545
4
2
61814385672192
-61814385672193
3
2
120461201440
-120461201441
7
6
1177292636160
-1177292636161
6
7
290535159621484544
-290535159621484545
2
3
61814385672192
-61814385672193
3
6
120461201440
-120461201441
3
6
1177292636160
-1177292636161
6
3
290535159621484544
-290535159621484545
6
3
61814385672192
-61814385672193
5
6
120461201440
-120461201441
3
4
1177292636160
-1177292636161
4
3
290535159621484544
-290535159621484545
6
5
61813572501504
-61813572501505
2
4
258168586240
-258168586241
5
7
17695736856576
-17695736856577
7
5
53018082934784
-53018082934785
4
2
61813572501504
-61813572501505
2
6
258168586240
-258168586241
3
7
17695736856576
-17695736856577
7
3
53018082934784
-53018082934785
6
2
61813572501504
-61813572501505
6
6
258168586240
-258168586241
3
3
17695736856576
-17695736856577
3
3
53018082934784
-53018082934785
6
6
61813976727552
-61813976727553
5
2
52013301760
-52013301761
7
4
4450057715712
-4450057715713
4
7
66212021141504
-66212021141505
2
5
61813976727552
-61813976727553
6
2
52013301760
-52013301761
7
3
4450057715712
-4450057715713
3
7
66212021141504
-66212021141505
2
6
61813975683072
-61813975683073
2
3
53621817344
-53621817345
6
7
2260647917912064
-2260647917912065
7
6
61839744434176
-61839744434177
3
2
61813975683072
-61813975683073
2
5
53621817344
-53621817345
4
7
2260647917912064
-2260647917912065
7
4
61839744434176
-61839744434177
5
2
61813975683072
-61813975683073
7
3
53621817344
-53621817345
6
2
2260647917912064
-2260647917912065
2
6
61839744434176
-61839744434177
3
7
121200705536
-121200705537
4
2
8899578036224
-8899578036225
7
5
4519245119488
-4519245119489
5
7
13297622450176
-13297622450177
2
4
121200705536
-121200705537
6
2
8899578036224
-8899578036225
7
3
4519245119488
-4519245119489
3
7
13297622450176
-13297622450177
2
6
61831020281856
-61831020281857
2
4
8916555268096
-8916555268097
5
7
86907813888
-86907813889
7
5
61779750158336
-61779750158337
4
2
61831020281856
-61831020281857
5
2
8916555268096
-8916555268097
7
4
86907813888
-86907813889
4
7
61779750158336
-61779750158337
2
5
61830483410944
-61830483410945
2
3
8916554219520
-8916554219521
6
7
69727944704
-69727944705
7
6
52983657136128
-52983657136129
3
2
61830483410944
-61830483410945
3
2
8916554219520
-8916554219521
7
6
69727944704
-69727944705
6
7
52983657136128
-52983657136129
2
3
35442745409536
-35442745409537
3
2
8899308298240
-8899308298241
7
6
2285929496576
-2285929496577
6
7
1187541681176576
-1187541681176577
2
3
35442745409536
-35442745409537
3
6
8899308298240
-8899308298241
3
6
2285929496576
-2285929496577
6
3
1187541681176576
-1187541681176577
6
3
35442745409536
-35442745409537
5
2
8899308298240
-8899308298241
7
4
2285929496576
-2285929496577
4
7
1187541681176576
-1187541681176577
2
5
35443011747840
-35443011747841
3
2
8899578822656
-8899578822657
7
6
4519312490496
-4519312490497
6
7
66074180583424
-66074180583425
2
3
4556600060674048
-4556600060674049
3
6
8796329738240
-8796329738241
3
6
17918855168
-17918855169
6
3
62053688541184
-62053688541185
6
3
4556600060674048
-4556600060674049
3
7
8796329738240
-8796329738241
2
6
17918855168
-17918855169
6
2
62053688541184
-62053688541185
7
3
4556600060674048
-4556600060674049
4
7
8796329738240
-8796329738241
2
5
17918855168
-17918855169
5
2
62053688541184
-62053688541185
7
4
4556600060674048
-4556600060674049
5
2
8796329738240
-8796329738241
7
4
17918855168
-17918855169
4
7
62053688541184
-62053688541185
2
5
2304800246988800
-2304800246988801
3
6
8804886118400
-8804886118401
3
6
17918857216
-17918857217
6
3
61779884376064
-61779884376065
6
3
2304800246988800
-2304800246988801
3
7
8804886118400
-8804886118401
2
6
17918857216
-17918857217
6
2
61779884376064
-61779884376065
7
3
2304800246988800
-2304800246988801
4
7
8804886118400
-8804886118401
2
5
17918857216
-17918857217
5
2
61779884376064
-61779884376065
7
4
61796526325760
-61796526325761
3
6
8813476052992
-8813476052993
3
6
17919901696
-17919901697
6
3
61779347505152
-61779347505153
6
3
61796526325760
-61796526325761
3
7
8813476052992
-8813476052993
2
6
17919901696
-17919901697
6
2
61779347505152
-61779347505153
7
3
61796526325760
-61796526325761
4
7
8813476052992
-8813476052993
2
5
17919901696
-17919901697
5
2
61779347505152
-61779347505153
7
4
35408516218880
-35408516218881
6
3
8933936463872
-8933936463873
6
3
17644464111616
-17644464111617
3
6
61675798528000
-61675798528001
3
6
35408516218880
-35408516218881
6
6
8933936463872
-8933936463873
3
3
17644464111616
-17644464111617
3
3
61675798528000
-61675798528001
6
6
35408516218880
-35408516218881
7
4
8933936463872
-8933936463873
5
2
17644464111616
-17644464111617
2
5
61675798528000
-61675798528001
4
7
35322754236416
-35322754236417
4
2
206967668736
-206967668737
7
5
30906652033024
-30906652033025
5
7
66022438600704
-66022438600705
2
4
35442741739520
-35442741739521
5
2
9036747243520
-9036747243521
7
4
17679092285440
-17679092285441
4
7
61641841442816
-61641841442817
2
5
61830886064128
-61830886064129
5
2
8847835791360
-8847835791361
7
4
18188337152
-18188337153
4
7
61779615940608
-61779615940609
2
5
61779615940608
-61779615940609
5
2
18188337152
-18188337153
7
4
8847835791360
-8847835791361
4
7
61830886064128
-61830886064129
2
5
2313579160141824
-2313579160141825
2
4
25972965376
-25972965377
5
7
17383034880
-17383034881
7
5
61780420198400
-61780420198401
4
2
2313579160141824
-2313579160141825
4
2
25972965376
-25972965377
7
5
17383034880
-17383034881
5
7
61780420198400
-61780420198401
2
4
2313579160141824
-2313579160141825
2
4
25972965376
-25972965377
5
7
17383034880
-17383034881
7
5
61780420198400
-61780420198401
4
2
61830886064128
-61830886064129
5
2
8847835791360
-8847835791361
7
4
18188337152
-18188337153
4
7
61779615940608
-61779615940609
2
5
61814175956992
-61814175956993
4
6
17712916725760
-17712916725761
3
5
258169634816
-258169634817
5
3
61814109372416
-61814109372417
6
4
15798195384745984
-15798195384745985
1
4
8624408576
-8624408577
5
8
100932608
-100932609
8
5
4627020881330176
-4627020881330177
4
1
44462038319104
-44462038319105
4
1
17315923968
-17315923969
8
5
17416060928
-17416060929
5
8
4565241534873600
-4565241534873601
1
4
44049721458688
-44049721458689
6
4
17315397632
-17315397633
5
3
17315397632
-17315397633
3
5
44049721458688
-44049721458689
4
6
2304714884513792
-2304714884513793
6
3
8657833984
-8657833985
6
3
8657833984
-8657833985
3
6
2304714884513792
-2304714884513793
3
6
66383014526976
-66383014526977
2
6
4415294277632
-4415294277633
3
7
104595456
-104595457
7
3
4556514163425280
-4556514163425281
6
2
62053687754752
-62053687754753
2
4
35201754073088
-35201754073089
5
7
35184608804864
-35184608804865
7
5
4556582881067008
-4556582881067009
4
2
35322350010368
-35322350010369
5
2
3932160
-3932161
7
4
4415293751296
-4415293751297
4
7
65970697666560
-65970697666561
2
5
2304714349740032
-2304714349740033
6
4
8660975616
-8660975617
5
3
4415294279680
-4415294279681
3
5
66109210361856
-66109210361857
4
6
2310390727281999872
-2310390727281999873
4
2
17215324160
-17215324161
7
5
17248290820
-17248290821
5
7
202585554288640
-202585554288641
2
4
2313510440665088
-2313510440665089
2
3
25838747648
-25838747649
6
7
17248817152
-17248817153
7
6
61711700721664
-61711700721665
3
2
105691494744064
-105691494744065
5
2
68989748224
-68989748225
7
4
120326586368
-120326586369
4
7
9068806399852544
-9068806399852545
2
5
2339967707643904
-2339967707643905
3
3
9061270528
-9061270529
6
6
51741593600
-51741593601
6
6
9033829125718016
-9033829125718017
3
3
70575909240832
-70575909240833
6
4
17661309748224
-17661309748225
5
3
257899495424
-257899495425
3
5
9033690747764736
-9033690747764737
4
6
482042970112
-482042970113
6
4
17661309749248
-17661309749249
5
3
257932918784
-257932918785
3
5
4530091120394240
-4530091120394241
4
6
26596316545024
-26596316545025
4
2
17651208192
-17651208193
7
5
60332441600
-60332441601
5
7
2278429147791360
-2278429147791361
2
4
8899308027904
-8899308027905
7
5
258369126400
-258369126401
4
2
26457402245120
-26457402245121
2
4
86905978880
-86905978881
5
7
9038020476928000
-9038020476928001
2
4
4449654407168
-4449654407169
5
7
17451975680
-17451975681
7
5
79303083556864
-79303083556865
4
2
9038020476928000
-9038020476928001
2
5
4449654407168
-4449654407169
4
7
17451975680
-17451975681
7
4
79303083556864
-79303083556865
5
2
66143033229312
-66143033229313
2
5
4449655062528
-4449655062529
4
7
17519345664
-17519345665
7
4
61710897512448
-61710897512449
5
2
66143033229312
-66143033229313
5
2
4449655062528
-4449655062529
7
4
17519345664
-17519345665
4
7
61710897512448
-61710897512449
2
5
83803670315008
-83803670315009
3
4
4449989297152
-4449989297153
5
6
34832777216
-34832777217
6
5
9024895327404032
-9024895327404033
4
3
13709804044288
-13709804044289
3
4
4449989298176
-4449989298177
5
6
34866200576
-34866200577
6
5
4521295700033536
-4521295700033537
4
3
48619566661632
-48619566661633
3
4
4449722171392
-4449722171393
5
6
17653039104
-17653039105
6
5
61642178035712
-61642178035713
4
3
13710072479744
-13710072479745
3
3
4449721911296
-4449721911297
6
6
17686331392
-17686331393
6
6
4530057433317376
-4530057433317377
3
3
13298026151936
-13298026151937
3
4
4449991917568
-4449991917569
5
6
4449991917568
-4449991917569
6
5
13298026151936
-13298026151937
4
3
13298026151936
-13298026151937
5
2
4449991917568
-4449991917569
7
4
4449991917568
-4449991917569
4
7
13298026151936
-13298026151937
2
5
13212057600000
-13212057600001
6
5
30872225972224
-30872225972225
4
3
223878316032
-223878316033
3
4
8796767780864
-8796767780865
5
6
9277667278848
-9277667278849
3
4
17852532736
-17852532737
5
6
8813508820992
-8813508820993
6
5
4530074342653952
-4530074342653953
4
3
9277667278848
-9277667278849
7
4
17852532736
-17852532737
5
2
8813508820992
-8813508820993
2
5
4530074342653952
-4530074342653953
4
7
8865354612736
-8865354612737
3
4
17852014592
-17852014593
5
6
11012431413248
-11012431413249
6
5
1134782436081664
-1134782436081665
4
3
8865354612736
-8865354612737
7
4
17852014592
-17852014593
5
2
11012431413248
-11012431413249
2
5
1134782436081664
-1134782436081665
4
7
9277935714304
-9277935714305
2
5
18120968192
-18120968193
4
7
8847868559360
-8847868559361
7
4
4530108702392320
-4530108702392321
5
2
9174184886272
-9174184886273
3
4
257832257536
-257832257537
5
6
17661342777344
-17661342777345
6
5
4503669353480192
-4503669353480193
4
3
9174184886272
-9174184886273
6
6
257832257536
-257832257537
3
3
17661342777344
-17661342777345
3
3
4503669353480192
-4503669353480193
6
6
9058189106479104
-9058189106479105
2
5
1130315134142464
-1130315134142465
4
7
108266496
-108266497
7
4
4626745468657664
-4626745468657665
5
2
9058189106479104
-9058189106479105
2
6
1130315134142464
-1130315134142465
3
7
108266496
-108266497
7
3
4626745468657664
-4626745468657665
6
2
9058189106479104
-9058189106479105
4
1
1130315134142464
-1130315134142465
8
5
108266496
-108266497
5
8
4626745468657664
-4626745468657665
1
4
68582037782528
-68582037782529
2
4
1130315201120256
-1130315201120257
5
7
108789760
-108789761
7
5
4556514163433472
-4556514163433473
4
2
68582037782528
-68582037782529
2
5
1130315201120256
-1130315201120257
4
7
108789760
-108789761
7
4
4556514163433472
-4556514163433473
5
2
15427657269248
-15427657269249
3
4
1130555651391488
-1130555651391489
5
6
17661181296640
-17661181296641
6
5
1008738304
-1008738305
4
3
15427657269248
-15427657269249
6
6
1130555651391488
-1130555651391489
3
3
17661181296640
-17661181296641
3
3
1008738304
-1008738305
6
6
1139592262582272
-1139592262582273
3
3
15410477402112
-15410477402113
6
6
774905856
-774905857
6
6
4521261077102592
-4521261077102593
3
3
498485166080
-498485166081
3
3
8933935155200
-8933935155201
6
6
17627317534720
-17627317534721
6
6
4521294960787456
-4521294960787457
3
3
498485166080
-498485166081
4
7
8933935155200
-8933935155201
2
5
17627317534720
-17627317534721
5
2
4521294960787456
-4521294960787457
7
4
498485166080
-498485166081
5
7
8933935155200
-8933935155201
2
4
17627317534720
-17627317534721
4
2
4521294960787456
-4521294960787457
7
5
9329205837824
-9329205837825
3
4
8847768422400
-8847768422401
5
6
18221105152
-18221105153
6
5
4530057432268800
-4530057432268801
4
3
9329205837824
-9329205837825
6
3
8847768422400
-8847768422401
6
3
18221105152
-18221105153
3
6
4530057432268800
-4530057432268801
3
6
429564100608
-429564100609
5
7
61572651681792
-61572651681793
2
4
35322448576512
-35322448576513
4
2
4521191815249920
-4521191815249921
7
5
429564100608
-429564100609
6
7
61572651681792
-61572651681793
2
3
35322448576512
-35322448576513
3
2
4521191815249920
-4521191815249921
7
6
9337258901504
-9337258901505
3
8
2260647581059072
-2260647581059073
1
6
2114977792
-2114977793
6
1
4521261339250688
-4521261339250689
8
3
9337258901504
-9337258901505
5
8
2260647581059072
-2260647581059073
1
4
2114977792
-2114977793
4
1
4521261339250688
-4521261339250689
8
5
9311759630336
-9311759630337
2
4
51944884224
-51944884225
5
7
4432910614528
-4432910614529
7
5
4525693744447488
-4525693744447489
4
2
9311759630336
-9311759630337
5
3
51944884224
-51944884225
6
4
4432910614528
-4432910614529
4
6
4525693744447488
-4525693744447489
3
5
9311623577600
-9311623577601
6
4
35304765917184
-35304765917185
5
3
35253595930624
-35253595930625
3
5
4521261472677888
-4521261472677889
4
6
61779481198592
-61779481198593
2
4
223541460992
-223541460993
5
7
17678288551936
-17678288551937
7
5
61779547783168
-61779547783169
4
2
61779481198592
-61779481198593
2
5
223541460992
-223541460993
4
7
17678288551936
-17678288551937
7
4
61779547783168
-61779547783169
5
2
61779481198592
-61779481198593
6
4
223541460992
-223541460993
5
3
17678288551936
-17678288551937
3
5
61779547783168
-61779547783169
4
6
61779481198592
-61779481198593
7
4
223541460992
-223541460993
5
2
17678288551936
-17678288551937
2
5
61779547783168
-61779547783169
4
7
8805421678592
-8805421678593
3
4
2269615339077632
-2269615339077633
5
6
17816599134208
-17816599134209
6
5
8796831748096
-8796831748097
4
3
8805421678592
-8805421678593
6
6
2269615339077632
-2269615339077633
3
3
17816599134208
-17816599134209
3
3
8796831748096
-8796831748097
6
6
8831260688384
-8831260688385
3
4
189250142208
-189250142209
5
6
22042041647104
-22042041647105
6
5
13229371686912
-13229371686913
4
3
8831260688384
-8831260688385
6
4
189250142208
-189250142209
5
3
22042041647104
-22042041647105
3
5
13229371686912
-13229371686913
4
6
8796767780864
-8796767780865
3
6
223878316032
-223878316033
3
6
30872225972224
-30872225972225
6
3
13212057600000
-13212057600001
6
3
8796767780864
-8796767780865
6
6
223878316032
-223878316033
3
3
30872225972224
-30872225972225
3
3
13212057600000
-13212057600001
6
6
1040711680
-1040711681
6
6
4521398241329152
-4521398241329153
3
3
18124761989120
-18124761989121
3
3
8830654613504
-8830654613505
6
6
35391470567424
-35391470567425
7
5
206562918400
-206562918401
4
2
17712646717440
-17712646717441
2
4
61675931697152
-61675931697153
5
7
8865621475328
-8865621475329
7
4
155561492480
-155561492481
5
2
30838000451584
-30838000451585
2
5
13315002597376
-13315002597377
4
7
8865621475328
-8865621475329
7
6
155561492480
-155561492481
3
2
30838000451584
-30838000451585
2
3
13315002597376
-13315002597377
6
7
18220580864
-18220580865
6
4
4530194334351360
-4530194334351361
5
3
18125298860032
-18125298860033
3
5
8830655662080
-8830655662081
4
6
8908299567104
-8908299567105
3
3
2251988927512576
-2251988927512577
6
6
17610843357184
-17610843357185
6
6
8865684918272
-8865684918273
3
3
8908299567104
-8908299567105
4
6
2251988927512576
-2251988927512577
3
5
17610843357184
-17610843357185
5
3
8865684918272
-8865684918273
6
4
9312026492928
-9312026492929
3
4
189114353664
-189114353665
5
6
17609870278656
-17609870278657
6
5
4530057498329088
-4530057498329089
4
3
9312026492928
-9312026492929
3
6
189114353664
-189114353665
3
6
17609870278656
-17609870278657
6
3
4530057498329088
-4530057498329089
6
3
9312026492928
-9312026492929
6
4
189114353664
-189114353665
5
3
17609870278656
-17609870278657
3
5
4530057498329088
-4530057498329089
4
6
8831493472256
-8831493472257
6
3
4521449780936704
-4521449780936705
6
3
18125031473152
-18125031473153
3
6
8831459919872
-8831459919873
3
6
8831260688384
-8831260688385
3
4
189250142208
-189250142209
5
6
22042041647104
-22042041647105
6
5
13229371686912
-13229371686913
4
3
8831260688384
-8831260688385
5
2
189250142208
-189250142209
7
4
22042041647104
-22042041647105
4
7
13229371686912
-13229371686913
2
5
8831260688384
-8831260688385
6
4
189250142208
-189250142209
5
3
22042041647104
-22042041647105
3
5
13229371686912
-13229371686913
4
6
61710627504128
-61710627504129
6
4
154687766528
-154687766529
5
3
17609434857472
-17609434857473
3
5
61710694088704
-61710694088705
4
6
8796630810624
-8796630810625
3
6
9042538246701056
-9042538246701057
3
6
123162483228672
-123162483228673
6
3
8796697265152
-8796697265153
6
3
8796630810624
-8796630810625
7
4
9042538246701056
-9042538246701057
5
2
123162483228672
-123162483228673
2
5
8796697265152
-8796697265153
4
7
8796630810624
-8796630810625
7
6
9042538246701056
-9042538246701057
3
2
123162483228672
-123162483228673
2
3
8796697265152
-8796697265153
6
7
8916889501696
-8916889501697
3
3
8985206849536
-8985206849537
6
6
17610306486272
-17610306486273
6
6
8865685962752
-8865685962753
3
3
8805287460864
-8805287460865
5
7
2269546619600896
-2269546619600897
2
4
17747879657472
-17747879657473
4
2
8796697530368
-8796697530369
7
5
8805287460864
-8805287460865
6
4
2269546619600896
-2269546619600897
5
3
17747879657472
-17747879657473
3
5
8796697530368
-8796697530369
4
6
8805287460864
-8805287460865
6
7
2269546619600896
-2269546619600897
2
3
17747879657472
-17747879657473
3
2
8796697530368
-8796697530369
7
6
8814313603072
-8814313603073
3
6
4530211514220544
-4530211514220545
3
6
18125299908608
-18125299908609
6
3
8831192532992
-8831192532993
6
3
8814313603072
-8814313603073
4
7
4530211514220544
-4530211514220545
2
5
18125299908608
-18125299908609
5
2
8831192532992
-8831192532993
7
4
8814313603072
-8814313603073
6
7
4530211514220544
-4530211514220545
2
3
18125299908608
-18125299908609
3
2
8831192532992
-8831192532993
7
6
8796630810624
-8796630810625
7
4
9042538246701056
-9042538246701057
5
2
123162483228672
-123162483228673
2
5
8796697265152
-8796697265153
4
7
8796630810624
-8796630810625
7
6
9042538246701056
-9042538246701057
3
2
123162483228672
-123162483228673
2
3
8796697265152
-8796697265153
6
7
44221520150528
-44221520150529
3
6
51675660288
-51675660289
3
6
17650941952
-17650941953
6
3
61642175938560
-61642175938561
6
3
8899979640832
-8899979640833
3
4
51945406464
-51945406465
5
6
4449989820416
-4449989820417
6
5
13298024054784
-13298024054785
4
3
8899979640832
-8899979640833
5
2
51945406464
-51945406465
7
4
4449989820416
-4449989820417
4
7
13298024054784
-13298024054785
2
5
17626747240448
-17626747240449
3
3
9024894587109376
-9024894587109377
6
6
70575171567616
-70575171567617
6
6
137842131968
-137842131969
3
3
17627284111360
-17627284111361
3
6
9024894588157952
-9024894588157953
3
6
70592351436800
-70592351436801
6
3
8933935154176
-8933935154177
6
3
17627284111360
-17627284111361
6
6
9024894588157952
-9024894588157953
3
3
70592351436800
-70592351436801
3
3
8933935154176
-8933935154177
6
6
873332736
-873332737
6
3
9060113521311744
-9060113521311745
6
3
123334280871936
-123334280871937
3
6
8830520656896
-8830520656897
3
6
17696272023552
-17696272023553
3
3
9024894990811136
-9024894990811137
6
6
70626845392896
-70626845392897
6
6
9037014369280
-9037014369281
3
3
17696272023552
-17696272023553
6
6
9024894990811136
-9024894990811137
3
3
70626845392896
-70626845392897
3
3
9037014369280
-9037014369281
6
6
17696137805824
-17696137805825
3
3
9024826271334400
-9024826271334401
6
6
70558125916160
-70558125916161
6
6
9036880151552
-9036880151553
3
3
17696137805824
-17696137805825
6
3
9024826271334400
-9024826271334401
6
3
70558125916160
-70558125916161
3
6
9036880151552
-9036880151553
3
6
8830654742528
-8830654742529
2
6
9025049138823168
-9025049138823169
3
7
88167358136320
-88167358136321
7
3
1007158272
-1007158273
6
2
8830654742528
-8830654742529
6
6
9025049138823168
-9025049138823169
3
3
88167358136320
-88167358136321
3
3
1007158272
-1007158273
6
6
33019775811584
-33019775811585
5
7
10155141000855552
-10155141000855553
2
4
70506459430912
-70506459430913
4
2
138246890496
-138246890497
7
5
26422840786944
-26422840786945
6
4
9025049205932032
-9025049205932033
5
3
88167358660608
-88167358660609
3
5
138446111744
-138446111745
4
6
9312026099712
-9312026099713
3
2
9007250930141184
-9007250930141185
7
6
70386428411904
-70386428411905
6
7
4530057431221248
-4530057431221249
2
3
9312026099712
-9312026099713
6
3
9007250930141184
-9007250930141185
6
3
70386428411904
-70386428411905
3
6
4530057431221248
-4530057431221249
3
6
61710627110912
-61710627110913
4
2
9007216503554048
-9007216503554049
7
5
70385992990720
-70385992990721
5
7
61710626980864
-61710626980865
2
4
44118441066496
-44118441066497
2
6
9007216436445184
-9007216436445185
3
7
70385992466432
-70385992466433
7
3
61573188027392
-61573188027393
6
2
44118441066496
-44118441066497
4
2
9007216436445184
-9007216436445185
7
5
70385992466432
-70385992466433
5
7
61573188027392
-61573188027393
2
4
9174320152576
-9174320152577
6
3
189918087168
-189918087169
6
3
26423076061184
-26423076061185
3
6
4503720758870016
-4503720758870017
3
6
9174320152576
-9174320152577
7
5
189918087168
-189918087169
4
2
26423076061184
-26423076061185
2
4
4503720758870016
-4503720758870017
5
7
9243174371328
-9243174371329
3
2
120530143232
-120530143233
7
6
4501495873536
-4501495873537
6
7
4525625159188480
-4525625159188481
2
3
498485166080
-498485166081
5
6
8933935155200
-8933935155201
3
4
17627317534720
-17627317534721
4
3
4521294960787456
-4521294960787457
6
5
1130761809821696
-1130761809821697
5
6
15427523053568
-15427523053569
3
4
908075008
-908075009
4
3
4521192089190400
-4521192089190401
6
5
9311892275200
-9311892275201
3
4
258101217280
-258101217281
5
6
17695769624576
-17695769624577
6
5
4521295899262976
-4521295899262977
4
3
15908558864384
-15908558864385
2
4
1130349627705344
-1130349627705345
5
7
510656512
-510656513
7
5
4521261340303360
-4521261340303361
4
2
15908558864384
-15908558864385
2
6
1130349627705344
-1130349627705345
3
7
510656512
-510656513
7
3
4521261340303360
-4521261340303361
6
2
15908558864384
-15908558864385
3
3
1130349627705344
-1130349627705345
6
6
510656512
-510656513
6
6
4521261340303360
-4521261340303361
3
3
15908558864384
-15908558864385
3
4
1130349627705344
-1130349627705345
5
6
510656512
-510656513
6
5
4521261340303360
-4521261340303361
4
3
4547958049603584
-4547958049603585
4
6
51707643904
-51707643905
3
5
437520384
-437520385
5
3
4539128402149376
-4539128402149377
6
4
8831461490688
-8831461490689
6
4
17712716709888
-17712716709889
5
3
4656014032896
-4656014032897
3
5
13229439320064
-13229439320065
4
6
9312026492928
-9312026492929
3
4
189114353664
-189114353665
5
6
17609870278656
-17609870278657
6
5
4530057498329088
-4530057498329089
4
3
9312026492928
-9312026492929
3
6
189114353664
-189114353665
3
6
17609870278656
-17609870278657
6
3
4530057498329088
-4530057498329089
6
3
9312026492928
-9312026492929
6
4
189114353664
-189114353665
5
3
17609870278656
-17609870278657
3
5
4530057498329088
-4530057498329089
4
6
8831493472256
-8831493472257
6
3
4521449780936704
-4521449780936705
6
3
18125031473152
-18125031473153
3
6
8831459919872
-8831459919873
3
6
8831260688384
-8831260688385
3
4
189250142208
-189250142209
5
6
22042041647104
-22042041647105
6
5
13229371686912
-13229371686913
4
3
8831260688384
-8831260688385
5
2
189250142208
-189250142209
7
4
22042041647104
-22042041647105
4
7
13229371686912
-13229371686913
2
5
8831260688384
-8831260688385
6
4
189250142208
-189250142209
5
3
22042041647104
-22042041647105
3
5
13229371686912
-13229371686913
4
6
79337039069184
-79337039069185
5
6
257966998528
-257966998529
3
4
17695601983488
-17695601983489
4
3
9024826807156736
-9024826807156737
6
5
8832466550784
-8832466550785
6
2
257967525888
-257967525889
7
3
17721304547328
-17721304547329
3
7
2260631273078784
-2260631273078785
2
6
8830587895808
-8830587895809
2
6
9042641324867584
-9042641324867585
3
7
123214291271680
-123214291271681
7
3
1006896128
-1006896129
6
2
8830587895808
-8830587895809
3
6
9042641324867584
-9042641324867585
3
6
123214291271680
-123214291271681
6
3
1006896128
-1006896129
6
3
8831461490688
-8831461490689
6
4
17712716709888
-17712716709889
5
3
4656014032896
-4656014032897
3
5
13229439320064
-13229439320065
4
6
8917291630592
-8917291630593
6
3
8916755808256
-8916755808257
6
3
121199656960
-121199656961
3
6
8900112809984
-8900112809985
3
6
8908299567104
-8908299567105
3
3
2251988927512576
-2251988927512577
6
6
17610843357184
-17610843357185
6
6
8865684918272
-8865684918273
3
3
8908299567104
-8908299567105
4
6
2251988927512576
-2251988927512577
3
5
17610843357184
-17610843357185
5
3
8865684918272
-8865684918273
6
4
9312026492928
-9312026492929
3
4
189114353664
-189114353665
5
6
17609870278656
-17609870278657
6
5
4530057498329088
-4530057498329089
4
3
9312026492928
-9312026492929
3
6
189114353664
-189114353665
3
6
17609870278656
-17609870278657
6
3
4530057498329088
-4530057498329089
6
3
9312026492928
-9312026492929
6
4
189114353664
-189114353665
5
3
17609870278656
-17609870278657
3
5
4530057498329088
-4530057498329089
4
6
8831493472256
-8831493472257
6
3
4521449780936704
-4521449780936705
6
3
18125031473152
-18125031473153
3
6
8831459919872
-8831459919873
3
6
8831260688384
-8831260688385
3
4
189250142208
-189250142209
5
6
22042041647104
-22042041647105
6
5
13229371686912
-13229371686913
4
3
8831260688384
-8831260688385
5
2
189250142208
-189250142209
7
4
22042041647104
-22042041647105
4
7
13229371686912
-13229371686913
2
5
8831260688384
-8831260688385
6
4
189250142208
-189250142209
5
3
22042041647104
-22042041647105
3
5
13229371686912
-13229371686913
4
6
61710627504128
-61710627504129
6
4
154687766528
-154687766529
5
3
17609434857472
-17609434857473
3
5
61710694088704
-61710694088705
4
6
8796630810624
-8796630810625
3
6
9042538246701056
-9042538246701057
3
6
123162483228672
-123162483228673
6
3
8796697265152
-8796697265153
6
3
8796630810624
-8796630810625
7
4
9042538246701056
-9042538246701057
5
2
123162483228672
-123162483228673
2
5
8796697265152
-8796697265153
4
7
8796630810624
-8796630810625
7
6
9042538246701056
-9042538246701057
3
2
123162483228672
-123162483228673
2
3
8796697265152
-8796697265153
6
7
8916889501696
-8916889501697
3
3
8985206849536
-8985206849537
6
6
17610306486272
-17610306486273
6
6
8865685962752
-8865685962753
3
3
8805287460864
-8805287460865
5
7
2269546619600896
-2269546619600897
2
4
17747879657472
-17747879657473
4
2
8796697530368
-8796697530369
7
5
8805287460864
-8805287460865
6
4
2269546619600896
-2269546619600897
5
3
17747879657472
-17747879657473
3
5
8796697530368
-8796697530369
4
6
8805287460864
-8805287460865
6
7
2269546619600896
-2269546619600897
2
3
17747879657472
-17747879657473
3
2
8796697530368
-8796697530369
7
6
8814313603072
-8814313603073
3
6
4530211514220544
-4530211514220545
3
6
18125299908608
-18125299908609
6
3
8831192532992
-8831192532993
6
3
8814313603072
-8814313603073
4
7
4530211514220544
-4530211514220545
2
5
18125299908608
-18125299908609
5
2
8831192532992
-8831192532993
7
4
8814313603072
-8814313603073
6
7
4530211514220544
-4530211514220545
2
3
18125299908608
-18125299908609
3
2
8831192532992
-8831192532993
7
6
8796630810624
-8796630810625
7
4
9042538246701056
-9042538246701057
5
2
123162483228672
-123162483228673
2
5
8796697265152
-8796697265153
4
7
8796630810624
-8796630810625
7
6
9042538246701056
-9042538246701057
3
2
123162483228672
-123162483228673
2
3
8796697265152
-8796697265153
6
7
44221520150528
-44221520150529
3
6
51675660288
-51675660289
3
6
17650941952
-17650941953
6
3
61642175938560
-61642175938561
6
3
8899979640832
-8899979640833
3
4
51945406464
-51945406465
5
6
4449989820416
-4449989820417
6
5
13298024054784
-13298024054785
4
3
8899979640832
-8899979640833
5
2
51945406464
-51945406465
7
4
4449989820416
-4449989820417
4
7
13298024054784
-13298024054785
2
5
9105465409536
-9105465409537
3
1
257698039808
-257698039809
8
6
17661208559616
-17661208559617
6
8
4503600634003456
-4503600634003457
1
3
35391538728960
-35391538728961
6
6
17800359575552
-17800359575553
3
3
2278445992378368
-2278445992378369
3
3
61701702025216
-61701702025217
6
6
35391201873920
-35391201873921
5
2
35254301360128
-35254301360129
7
4
2287070286708736
-2287070286708737
4
7
61650095046656
-61650095046657
2
5
35391201873920
-35391201873921
5
6
35254301360128
-35254301360129
3
4
2287070286708736
-2287070286708737
4
3
61650095046656
-61650095046657
6
5
35391069499392
-35391069499393
3
4
1216086016
-1216086017
5
6
3382115148496896
-3382115148496897
6
5
68247030333440
-68247030333441
4
3
